7.68000000000000000000e+02, 4.52800000000000011369e+01, 4.73567000000000007276e+02, 3.97250000000000000000e+02, 2019/5/7/9:0, 5.09420405979430995558e+02, 3.85085120233751069918e+02
7.74000000000000000000e+02, 4.54900000000000019895e+01, 4.76083000000000026830e+02, 3.97180000000000006821e+02, 2019/5/7/9:1, 5.13294971282299457016e+02, 3.84821012393835758303e+02
7.74000000000000000000e+02, 4.55900000000000034106e+01, 4.77512000000000000455e+02, 3.96790000000000020464e+02, 2019/5/7/9:2, 5.13271830919533840643e+02, 3.84643802392511588550e+02
7.74000000000000000000e+02, 4.55900000000000034106e+01, 4.80485000000000013642e+02, 3.95790000000000020464e+02, 2019/5/7/9:3, 5.13271830919533840643e+02, 3.84643802392511588550e+02
7.80000000000000000000e+02, 4.57999999999999971578e+01, 4.81454000000000007731e+02, 3.95920000000000015916e+02, 2019/5/7/9:4, 5.17155657020981038841e+02, 3.84371712023352472443e+02
7.86000000000000000000e+02, 4.61099999999999994316e+01, 4.83151999999999986812e+02, 3.95939999999999997726e+02, 2019/5/7/9:5, 5.21006763001480408093e+02, 3.83928281740869010719e+02
7.92000000000000000000e+02, 4.63200000000000002842e+01, 4.84812000000000011823e+02, 3.95819999999999993179e+02, 2019/5/7/9:6, 5.24887780858152382280e+02, 3.83655990782153139662e+02
7.92000000000000000000e+02, 4.64200000000000017053e+01, 4.85166999999999973170e+02, 3.95779999999999972715e+02, 2019/5/7/9:7, 5.24859714380041850745e+02, 3.83482498472855809268e+02
7.98000000000000000000e+02, 4.67299999999999968736e+01, 4.85043000000000006366e+02, 3.95720000000000027285e+02, 2019/5/7/9:8, 5.28700049852973734232e+02, 3.83044883058265043019e+02
7.98000000000000000000e+02, 4.67299999999999968736e+01, 4.88598000000000013188e+02, 3.94740000000000009095e+02, 2019/5/7/9:9, 5.28700049852973734232e+02, 3.83044883058265043019e+02
8.10000000000000000000e+02, 4.70499999999999971578e+01, 4.91678999999999973625e+02, 3.95980000000000018190e+02, 2019/5/7/9:10, 5.36486501763832961842e+02, 3.82670906264916879991e+02
8.04000000000000000000e+02, 4.67400000000000019895e+01, 4.94358999999999980446e+02, 3.95730000000000018190e+02, 2019/5/7/9:11, 5.32643005093609303913e+02, 3.83113161539472741879e+02
8.10000000000000000000e+02, 4.69500000000000028422e+01, 4.97673999999999978172e+02, 3.95240000000000009095e+02, 2019/5/7/9:12, 5.36501509091029674892e+02, 3.82853789624084583920e+02
8.16000000000000000000e+02, 4.72599999999999980105e+01, 5.00918999999999982720e+02, 3.94790000000000020464e+02, 2019/5/7/9:13, 5.40350154472615372470e+02, 3.82406531516323980213e+02
8.22000000000000000000e+02, 4.74699999999999988631e+01, 5.01711999999999989086e+02, 3.95250000000000000000e+02, 2019/5/7/9:14, 5.44222259765578087354e+02, 3.82135377158176765988e+02
8.22000000000000000000e+02, 4.74699999999999988631e+01, 5.02639999999999986358e+02, 3.94839999999999974989e+02, 2019/5/7/9:15, 5.44222259765578087354e+02, 3.82135377158176765988e+02
8.28000000000000000000e+02, 4.76799999999999997158e+01, 5.05874000000000023647e+02, 3.95459999999999979536e+02, 2019/5/7/9:16, 5.48091890261543312590e+02, 3.81864506580592660612e+02
8.34000000000000000000e+02, 4.79900000000000019895e+01, 5.07045000000000015916e+02, 3.95889999999999986358e+02, 2019/5/7/9:17, 5.51939095020059198760e+02, 3.81415371659938386983e+02
8.34000000000000000000e+02, 4.79900000000000019895e+01, 5.08742000000000018645e+02, 3.95139999999999986358e+02, 2019/5/7/9:18, 5.51939095020059198760e+02, 3.81415371659938386983e+02
8.40000000000000000000e+02, 4.82000000000000028422e+01, 5.12095000000000027285e+02, 3.94329999999999984084e+02, 2019/5/7/9:19, 5.55805320211394246144e+02, 3.81144913725492529011e+02
8.40000000000000000000e+02, 4.82000000000000028422e+01, 5.12908000000000015461e+02, 3.95069999999999993179e+02, 2019/5/7/9:20, 5.55805320211394246144e+02, 3.81144913725492529011e+02
8.46000000000000000000e+02, 4.84099999999999965894e+01, 5.16633000000000038199e+02, 3.94860000000000013642e+02, 2019/5/7/9:21, 5.59672317032284240668e+02, 3.80872953557116147749e+02
8.52000000000000000000e+02, 4.85200000000000031264e+01, 5.19150999999999953616e+02, 3.95689999999999997726e+02, 2019/5/7/9:22, 5.63517499615129622725e+02, 3.80807429342987290966e+02
8.58000000000000000000e+02, 4.87299999999999968736e+01, 5.20532000000000039108e+02, 3.96279999999999972715e+02, 2019/5/7/9:23, 5.67371890804424538146e+02, 3.80541934307580675068e+02
8.58000000000000000000e+02, 4.87299999999999968736e+01, 5.23232999999999947249e+02, 3.95560000000000002274e+02, 2019/5/7/9:24, 5.67371890804424538146e+02, 3.80541934307580675068e+02
8.64000000000000000000e+02, 4.89399999999999977263e+01, 5.25898000000000024556e+02, 3.95550000000000011369e+02, 2019/5/7/9:25, 5.71281423844477785678e+02, 3.80238230895828507983e+02
8.64000000000000000000e+02, 4.89399999999999977263e+01, 5.26299999999999954525e+02, 3.95699999999999988631e+02, 2019/5/7/9:26, 5.71281423844477785678e+02, 3.80238230895828507983e+02
8.64000000000000000000e+02, 4.90399999999999991473e+01, 5.28062000000000011823e+02, 3.96189999999999997726e+02, 2019/5/7/9:27, 5.71275334972184168691e+02, 3.80049867968674050189e+02
8.70000000000000000000e+02, 4.92500000000000000000e+01, 5.29419999999999959073e+02, 3.96180000000000006821e+02, 2019/5/7/9:28, 5.75113741103947404554e+02, 3.79792884721458506192e+02
8.70000000000000000000e+02, 4.92500000000000000000e+01, 5.32427999999999997272e+02, 3.95769999999999981810e+02, 2019/5/7/9:29, 5.75113741103947404554e+02, 3.79792884721458506192e+02
8.76000000000000000000e+02, 4.95600000000000022737e+01, 5.33456000000000017280e+02, 3.95660000000000025011e+02, 2019/5/7/9:30, 5.78957525699545044517e+02, 3.79338885412619561066e+02
8.82000000000000000000e+02, 4.96700000000000017053e+01, 5.37331000000000017280e+02, 3.94620000000000004547e+02, 2019/5/7/9:31, 5.82844711002225153607e+02, 3.79240030907265634141e+02
8.88000000000000000000e+02, 4.98800000000000025580e+01, 5.39284999999999968168e+02, 3.94569999999999993179e+02, 2019/5/7/9:32, 5.86706408270062865995e+02, 3.78964657639274378198e+02
8.88000000000000000000e+02, 4.98800000000000025580e+01, 5.40303999999999973625e+02, 3.94689999999999997726e+02, 2019/5/7/9:33, 5.86706408270062865995e+02, 3.78964657639274378198e+02
8.88000000000000000000e+02, 4.98800000000000025580e+01, 5.41245999999999980901e+02, 3.95060000000000002274e+02, 2019/5/7/9:34, 5.86706408270062865995e+02, 3.78964657639274378198e+02
8.88000000000000000000e+02, 4.99799999999999968736e+01, 5.44456000000000017280e+02, 3.93459999999999979536e+02, 2019/5/7/9:35, 5.86676960940559524715e+02, 3.78791747869415189598e+02
8.94000000000000000000e+02, 5.02899999999999991473e+01, 5.47807000000000016371e+02, 3.91600000000000022737e+02, 2019/5/7/9:36, 5.90527020815758419303e+02, 3.78330982903033259390e+02
9.06000000000000000000e+02, 5.09099999999999965894e+01, 5.50697000000000002728e+02, 3.91920000000000015916e+02, 2019/5/7/9:37, 5.98172761329861941704e+02, 3.77441636918883432372e+02
9.06000000000000000000e+02, 5.09099999999999965894e+01, 5.49760999999999967258e+02, 3.92180000000000006821e+02, 2019/5/7/9:38, 5.98172761329861941704e+02, 3.77441636918883432372e+02
9.00000000000000000000e+02, 5.07999999999999971578e+01, 5.51216999999999984539e+02, 3.91550000000000011369e+02, 2019/5/7/9:39, 5.94287724269730233573e+02, 3.77543025107305936672e+02
9.00000000000000000000e+02, 5.08999999999999985789e+01, 5.52538999999999987267e+02, 3.91379999999999995453e+02, 2019/5/7/9:40, 5.94191817338689020289e+02, 3.77412550437271420378e+02
9.06000000000000000000e+02, 5.12100000000000008527e+01, 5.55154999999999972715e+02, 3.89319999999999993179e+02, 2019/5/7/9:41, 5.98087748726951645040e+02, 3.76920758258531805041e+02
9.06000000000000000000e+02, 5.13100000000000022737e+01, 5.58057999999999992724e+02, 3.88750000000000000000e+02, 2019/5/7/9:42, 5.98066146771449211883e+02, 3.76742913044709496262e+02
9.12000000000000000000e+02, 5.15200000000000031264e+01, 5.61493000000000051841e+02, 3.88670000000000015916e+02, 2019/5/7/9:43, 6.01928421476416133373e+02, 3.76463399981928205307e+02
9.12000000000000000000e+02, 5.14200000000000017053e+01, 5.63188999999999964530e+02, 3.88310000000000002274e+02, 2019/5/7/9:44, 6.01948948003522332328e+02, 3.76641909118087710340e+02
9.12000000000000000000e+02, 5.15200000000000031264e+01, 5.65335000000000036380e+02, 3.88720000000000027285e+02, 2019/5/7/9:45, 6.01928421476416133373e+02, 3.76463399981928205307e+02
9.18000000000000000000e+02, 5.16300000000000025580e+01, 5.68131999999999948159e+02, 3.87990000000000009095e+02, 2019/5/7/9:46, 6.05805787775789553962e+02, 3.76364816275470957407e+02
9.18000000000000000000e+02, 5.14299999999999997158e+01, 5.69455000000000040927e+02, 3.88689999999999997726e+02, 2019/5/7/9:47, 6.05869872804645297037e+02, 3.76707606852281003285e+02
9.18000000000000000000e+02, 5.14299999999999997158e+01, 5.70611999999999966349e+02, 3.89209999999999979536e+02, 2019/5/7/9:48, 6.05869872804645297037e+02, 3.76707606852281003285e+02
9.24000000000000000000e+02, 5.15399999999999991473e+01, 5.72426000000000044565e+02, 3.88680000000000006821e+02, 2019/5/7/9:49, 6.09735633174921986210e+02, 3.76615492103159397175e+02
9.18000000000000000000e+02, 5.13299999999999982947e+01, 5.72541000000000053660e+02, 3.88170000000000015916e+02, 2019/5/7/9:50, 6.05885420335086337218e+02, 3.76889173336821443172e+02
9.24000000000000000000e+02, 5.15399999999999991473e+01, 5.75759999999999990905e+02, 3.86290000000000020464e+02, 2019/5/7/9:51, 6.09735633174921986210e+02, 3.76615492103159397175e+02
9.30000000000000000000e+02, 5.19500000000000028422e+01, 5.76399999999999977263e+02, 3.87629999999999995453e+02, 2019/5/7/9:52, 6.13532326833685033307e+02, 3.75991421664538961522e+02
9.30000000000000000000e+02, 5.19500000000000028422e+01, 5.78501999999999952706e+02, 3.87240000000000009095e+02, 2019/5/7/9:53, 6.13532326833685033307e+02, 3.75991421664538961522e+02
9.36000000000000000000e+02, 5.22599999999999980105e+01, 5.84671000000000049113e+02, 3.85629999999999995453e+02, 2019/5/7/9:54, 6.17361117930264640563e+02, 3.75537852186752616035e+02
9.36000000000000000000e+02, 5.23599999999999994316e+01, 5.81230000000000018190e+02, 3.86829999999999984084e+02, 2019/5/7/9:55, 6.17329047286855256971e+02, 3.75366413242690384777e+02
9.42000000000000000000e+02, 5.25700000000000002842e+01, 5.90830000000000040927e+02, 3.82550000000000011369e+02, 2019/5/7/9:56, 6.21183740013343026476e+02, 3.75087190303046725148e+02
9.42000000000000000000e+02, 5.26700000000000017053e+01, 5.91500000000000000000e+02, 3.83759999999999990905e+02, 2019/5/7/9:57, 6.21153109670270737297e+02, 3.74914872638394456317e+02
9.42000000000000000000e+02, 5.26700000000000017053e+01, 5.92594000000000050932e+02, 3.82610000000000013642e+02, 2019/5/7/9:58, 6.21153109670270737297e+02, 3.74914872638394456317e+02
9.42000000000000000000e+02, 5.26700000000000017053e+01, 5.94477999999999951797e+02, 3.81420000000000015916e+02, 2019/5/7/9:59, 6.21153109670270737297e+02, 3.74914872638394456317e+02
9.42000000000000000000e+02, 5.27700000000000031264e+01, 5.98371999999999957254e+02, 3.79720000000000027285e+02, 2019/5/7/10:0, 6.21132108752120302597e+02, 3.74736774534637675060e+02
9.48000000000000000000e+02, 5.30799999999999982947e+01, 5.95464000000000055479e+02, 3.83990000000000009095e+02, 2019/5/7/10:1, 6.24951013869703274395e+02, 3.74287517788723903323e+02
9.48000000000000000000e+02, 5.30799999999999982947e+01, 5.96605000000000018190e+02, 3.83290000000000020464e+02, 2019/5/7/10:2, 6.24951013869703274395e+02, 3.74287517788723903323e+02
9.48000000000000000000e+02, 5.29799999999999968736e+01, 5.97408999999999991815e+02, 3.82980000000000018190e+02, 2019/5/7/10:3, 6.24970917848358681113e+02, 3.74466232663809989845e+02
9.42000000000000000000e+02, 5.27700000000000031264e+01, 5.96673999999999978172e+02, 3.82980000000000018190e+02, 2019/5/7/10:4, 6.21132108752120302597e+02, 3.74736774534637675060e+02
9.48000000000000000000e+02, 5.30799999999999982947e+01, 5.99260999999999967258e+02, 3.83730000000000018190e+02, 2019/5/7/10:5, 6.24951013869703274395e+02, 3.74287517788723903323e+02
9.54000000000000000000e+02, 5.32899999999999991473e+01, 6.05217999999999960892e+02, 3.81470000000000027285e+02, 2019/5/7/10:6, 6.28794093232167256247e+02, 3.74013422126968407611e+02
9.48000000000000000000e+02, 5.30799999999999982947e+01, 6.06251999999999952706e+02, 3.80389999999999986358e+02, 2019/5/7/10:7, 6.24951013869703274395e+02, 3.74287517788723903323e+02
9.54000000000000000000e+02, 5.33900000000000005684e+01, 6.08985999999999989996e+02, 3.80079999999999984084e+02, 2019/5/7/10:8, 6.28773582495333585030e+02, 3.73835114375395392017e+02
9.60000000000000000000e+02, 5.37000000000000028422e+01, 6.11923000000000001819e+02, 3.78889999999999986358e+02, 2019/5/7/10:9, 6.32585762893228206849e+02, 3.73388012970227464393e+02
9.60000000000000000000e+02, 5.37000000000000028422e+01, 6.12038000000000010914e+02, 3.80949999999999988631e+02, 2019/5/7/10:10, 6.32585762893228206849e+02, 3.73388012970227464393e+02
9.66000000000000000000e+02, 5.38100000000000022737e+01, 6.11519999999999981810e+02, 3.82149999999999977263e+02, 2019/5/7/10:11, 6.36393515694154757512e+02, 3.73323208445178863712e+02
9.60000000000000000000e+02, 5.35000000000000000000e+01, 6.10837999999999965439e+02, 3.82129999999999995453e+02, 2019/5/7/10:12, 6.32641949256795669498e+02, 3.73735626779897700089e+02
9.60000000000000000000e+02, 5.33999999999999985789e+01, 6.13672000000000025466e+02, 3.81050000000000011369e+02, 2019/5/7/10:13, 6.32667613519765723140e+02, 3.73910914937772645317e+02
9.66000000000000000000e+02, 5.36099999999999994316e+01, 6.27746999999999957254e+02, 3.73430000000000006821e+02, 2019/5/7/10:14, 6.36512956774032545582e+02, 3.73633779486146636373e+02
9.72000000000000000000e+02, 5.38200000000000002842e+01, 6.30258000000000038199e+02, 3.72970000000000027285e+02, 2019/5/7/10:15, 6.40358280873852322657e+02, 3.73355746457761995316e+02
9.78000000000000000000e+02, 5.38299999999999982947e+01, 6.29265999999999962711e+02, 3.77199999999999988631e+02, 2019/5/7/10:16, 6.44257130751524755397e+02, 3.73426435156303000440e+02
9.72000000000000000000e+02, 5.38200000000000002842e+01, 6.31802000000000020918e+02, 3.76500000000000000000e+02, 2019/5/7/10:17, 6.40358280873852322657e+02, 3.73355746457761995316e+02
9.66000000000000000000e+02, 5.38100000000000022737e+01, 6.29125000000000000000e+02, 3.76519999999999981810e+02, 2019/5/7/10:18, 6.36393515694154757512e+02, 3.73323208445178863712e+02
9.66000000000000000000e+02, 5.40099999999999980105e+01, 6.29047000000000025466e+02, 3.77120000000000004547e+02, 2019/5/7/10:19, 6.36404251957869632861e+02, 3.72936307597886184340e+02
9.72000000000000000000e+02, 5.44200000000000017053e+01, 6.26086999999999989086e+02, 3.80149999999999977263e+02, 2019/5/7/10:20, 6.40191268599487216306e+02, 3.72311914827652230997e+02
9.78000000000000000000e+02, 5.46300000000000025580e+01, 6.30899999999999977263e+02, 3.79199999999999988631e+02, 2019/5/7/10:21, 6.44032492576779645788e+02, 3.72035312957945848211e+02
9.90000000000000000000e+02, 5.49500000000000028422e+01, 6.31288999999999987267e+02, 3.80579999999999984084e+02, 2019/5/7/10:22, 6.51740990026793838297e+02, 3.71654601414530247894e+02
9.84000000000000000000e+02, 5.45399999999999991473e+01, 6.28609000000000037289e+02, 3.82709999999999979536e+02, 2019/5/7/10:23, 6.47954506783830083805e+02, 3.72281352873633011313e+02
9.84000000000000000000e+02, 5.44399999999999977263e+01, 6.30850999999999999091e+02, 3.81250000000000000000e+02, 2019/5/7/10:24, 6.47990845594709298894e+02, 3.72450560097601112375e+02
9.78000000000000000000e+02, 5.43299999999999982947e+01, 6.32278000000000020009e+02, 3.80610000000000013642e+02, 2019/5/7/10:25, 6.44119195856833812286e+02, 3.72555312513570299870e+02
9.84000000000000000000e+02, 5.45399999999999991473e+01, 6.36883000000000038199e+02, 3.79250000000000000000e+02, 2019/5/7/10:26, 6.47954506783830083805e+02, 3.72281352873633011313e+02
9.84000000000000000000e+02, 5.45399999999999991473e+01, 6.37376999999999952706e+02, 3.80610000000000013642e+02, 2019/5/7/10:27, 6.47954506783830083805e+02, 3.72281352873633011313e+02
9.96000000000000000000e+02, 5.48599999999999994316e+01, 6.41409999999999968168e+02, 3.80040000000000020464e+02, 2019/5/7/10:28, 6.55671540178953932809e+02, 3.71894379101706874735e+02
9.90000000000000000000e+02, 5.46499999999999985789e+01, 6.44769999999999981810e+02, 3.77779999999999972715e+02, 2019/5/7/10:29, 6.51826018748356318611e+02, 3.72175802066855567318e+02
9.90000000000000000000e+02, 5.46499999999999985789e+01, 6.43964000000000055479e+02, 3.79800000000000011369e+02, 2019/5/7/10:30, 6.51826018748356318611e+02, 3.72175802066855567318e+02
9.90000000000000000000e+02, 5.46499999999999985789e+01, 6.46893000000000029104e+02, 3.76569999999999993179e+02, 2019/5/7/10:31, 6.51826018748356318611e+02, 3.72175802066855567318e+02
9.90000000000000000000e+02, 5.47500000000000000000e+01, 6.48403999999999996362e+02, 3.76149999999999977263e+02, 2019/5/7/10:32, 6.51800638751719134234e+02, 3.72000348635619161541e+02
9.90000000000000000000e+02, 5.48500000000000014211e+01, 6.46048000000000001819e+02, 3.78810000000000002274e+02, 2019/5/7/10:33, 6.51769573088037873276e+02, 3.71828168871844752630e+02
9.90000000000000000000e+02, 5.48500000000000014211e+01, 6.50859000000000037289e+02, 3.75259999999999990905e+02, 2019/5/7/10:34, 6.51769573088037873276e+02, 3.71828168871844752630e+02
9.90000000000000000000e+02, 5.48500000000000014211e+01, 6.46241999999999961801e+02, 3.78100000000000022737e+02, 2019/5/7/10:35, 6.51769573088037873276e+02, 3.71828168871844752630e+02
9.90000000000000000000e+02, 5.49500000000000028422e+01, 6.55582999999999969987e+02, 3.72490000000000009095e+02, 2019/5/7/10:36, 6.51740990026793838297e+02, 3.71654601414530247894e+02
9.90000000000000000000e+02, 5.51499999999999985789e+01, 6.56666000000000053660e+02, 3.71430000000000006821e+02, 2019/5/7/10:37, 6.51738970830138669044e+02, 3.71276184398717418844e+02
9.96000000000000000000e+02, 5.53599999999999994316e+01, 6.51708999999999946340e+02, 3.77050000000000011369e+02, 2019/5/7/10:38, 6.55523029401534358840e+02, 3.71029547192312975312e+02
9.90000000000000000000e+02, 5.48500000000000014211e+01, 6.53812000000000011823e+02, 3.75720000000000027285e+02, 2019/5/7/10:39, 6.51769573088037873276e+02, 3.71828168871844752630e+02
9.90000000000000000000e+02, 5.47500000000000000000e+01, 6.54346999999999979991e+02, 3.75670000000000015916e+02, 2019/5/7/10:40, 6.51800638751719134234e+02, 3.72000348635619161541e+02
9.90000000000000000000e+02, 5.49500000000000028422e+01, 6.60014000000000010004e+02, 3.74009999999999990905e+02, 2019/5/7/10:41, 6.51740990026793838297e+02, 3.71654601414530247894e+02
9.90000000000000000000e+02, 5.51499999999999985789e+01, 6.58950000000000045475e+02, 3.75490000000000009095e+02, 2019/5/7/10:42, 6.51738970830138669044e+02, 3.71276184398717418844e+02
9.90000000000000000000e+02, 5.52500000000000000000e+01, 6.64124000000000023647e+02, 3.71649999999999977263e+02, 2019/5/7/10:43, 6.51653239975887913715e+02, 3.71135206261976918540e+02
9.90000000000000000000e+02, 5.52500000000000000000e+01, 6.61649000000000000909e+02, 3.72180000000000006821e+02, 2019/5/7/10:44, 6.51653239975887913715e+02, 3.71135206261976918540e+02
9.90000000000000000000e+02, 5.52500000000000000000e+01, 6.62591000000000008185e+02, 3.71759999999999990905e+02, 2019/5/7/10:45, 6.51653239975887913715e+02, 3.71135206261976918540e+02
9.90000000000000000000e+02, 5.52500000000000000000e+01, 6.65509999999999990905e+02, 3.70410000000000025011e+02, 2019/5/7/10:46, 6.51653239975887913715e+02, 3.71135206261976918540e+02
9.96000000000000000000e+02, 5.54600000000000008527e+01, 6.63222999999999956344e+02, 3.72990000000000009095e+02, 2019/5/7/10:47, 6.55500038405458212765e+02, 3.70852874756249434540e+02
9.90000000000000000000e+02, 5.53500000000000014211e+01, 6.64767000000000052751e+02, 3.72509999999999990905e+02, 2019/5/7/10:48, 6.51626335307881845438e+02, 3.70960752498125145848e+02
9.96000000000000000000e+02, 5.55600000000000022737e+01, 6.63756999999999948159e+02, 3.73100000000000022737e+02, 2019/5/7/10:49, 6.55460901837659207558e+02, 3.70685364299900072638e+02
9.96000000000000000000e+02, 5.55600000000000022737e+01, 6.67091999999999984539e+02, 3.71670000000000015916e+02, 2019/5/7/10:50, 6.55460901837659207558e+02, 3.70685364299900072638e+02
9.96000000000000000000e+02, 5.55600000000000022737e+01, 6.68028000000000020009e+02, 3.72240000000000009095e+02, 2019/5/7/10:51, 6.55460901837659207558e+02, 3.70685364299900072638e+02
9.96000000000000000000e+02, 5.56599999999999965894e+01, 6.75589000000000055479e+02, 3.66930000000000006821e+02, 2019/5/7/10:52, 6.55448243230959519678e+02, 3.70502905999718905150e+02
9.90000000000000000000e+02, 5.54500000000000028422e+01, 6.75072000000000002728e+02, 3.67649999999999977263e+02, 2019/5/7/10:53, 6.51597035461520249555e+02, 3.70787741581299428617e+02
9.84000000000000000000e+02, 5.52400000000000019895e+01, 6.71193999999999959982e+02, 3.69589999999999974989e+02, 2019/5/7/10:54, 6.47757732208740890201e+02, 3.71065051052738510862e+02
9.84000000000000000000e+02, 5.52400000000000019895e+01, 6.71712999999999965439e+02, 3.68899999999999977263e+02, 2019/5/7/10:55, 6.47757732208740890201e+02, 3.71065051052738510862e+02
9.84000000000000000000e+02, 5.53400000000000034106e+01, 6.68458999999999946340e+02, 3.70540000000000020464e+02, 2019/5/7/10:56, 6.47730539947219540409e+02, 3.70890836001194315941e+02
9.96000000000000000000e+02, 5.59600000000000008527e+01, 6.75139000000000010004e+02, 3.67949999999999988631e+02, 2019/5/7/10:57, 6.55344112024832838870e+02, 3.69993059665821931503e+02
1.00200000000000000000e+03, 5.60700000000000002842e+01, 6.74748000000000047294e+02, 3.70930000000000006821e+02, 2019/5/7/10:58, 6.59212753215749330593e+02, 3.69886997800829760763e+02
9.96000000000000000000e+02, 5.58599999999999994316e+01, 6.80730999999999994543e+02, 3.66079999999999984084e+02, 2019/5/7/10:59, 6.55375111952503061730e+02, 3.70165068634634224054e+02
9.90000000000000000000e+02, 5.56499999999999985789e+01, 6.78851999999999975444e+02, 3.67120000000000004547e+02, 2019/5/7/11:0, 6.51532171276722806397e+02, 3.70445336557632288077e+02
9.90000000000000000000e+02, 5.56499999999999985789e+01, 6.76990000000000009095e+02, 3.68000000000000000000e+02, 2019/5/7/11:1, 6.51532171276722806397e+02, 3.70445336557632288077e+02
9.90000000000000000000e+02, 5.57500000000000000000e+01, 6.82440000000000054570e+02, 3.64680000000000006821e+02, 2019/5/7/11:2, 6.51506649533202221392e+02, 3.70270250500674706018e+02
9.90000000000000000000e+02, 5.58500000000000014211e+01, 6.78457999999999969987e+02, 3.68980000000000018190e+02, 2019/5/7/11:3, 6.51484501140959537224e+02, 3.70093244122267435614e+02
9.96000000000000000000e+02, 5.61599999999999965894e+01, 6.78312000000000011823e+02, 3.69319999999999993179e+02, 2019/5/7/11:4, 6.55290770049219645443e+02, 3.69644235790368043126e+02
9.96000000000000000000e+02, 5.61599999999999965894e+01, 6.77657000000000039108e+02, 3.71000000000000000000e+02, 2019/5/7/11:5, 6.55290770049219645443e+02, 3.69644235790368043126e+02
9.90000000000000000000e+02, 5.59500000000000028422e+01, 6.79947999999999979082e+02, 3.69970000000000027285e+02, 2019/5/7/11:6, 6.51452065903068046282e+02, 3.69922137337566368842e+02
9.96000000000000000000e+02, 5.62599999999999980105e+01, 6.82277000000000043656e+02, 3.68199999999999988631e+02, 2019/5/7/11:7, 6.55266568913905075533e+02, 3.69468444874357828667e+02
9.96000000000000000000e+02, 5.61599999999999965894e+01, 6.80385999999999967258e+02, 3.69740000000000009095e+02, 2019/5/7/11:8, 6.55290770049219645443e+02, 3.69644235790368043126e+02
1.00200000000000000000e+03, 5.62700000000000031264e+01, 6.81433999999999969077e+02, 3.69480000000000018190e+02, 2019/5/7/11:9, 6.59154906814937817217e+02, 3.69540604509425179458e+02
1.00200000000000000000e+03, 5.60700000000000002842e+01, 6.84370999999999980901e+02, 3.68209999999999979536e+02, 2019/5/7/11:10, 6.59212753215749330593e+02, 3.69886997800829760763e+02
1.00200000000000000000e+03, 5.60700000000000002842e+01, 6.89474000000000046384e+02, 3.66180000000000006821e+02, 2019/5/7/11:11, 6.59212753215749330593e+02, 3.69886997800829760763e+02
1.00800000000000000000e+03, 5.62800000000000011369e+01, 6.84678999999999973625e+02, 3.70500000000000000000e+02, 2019/5/7/11:12, 6.63050092199555024308e+02, 3.69608289502087075107e+02
1.00800000000000000000e+03, 5.62800000000000011369e+01, 6.89469000000000050932e+02, 3.68449999999999988631e+02, 2019/5/7/11:13, 6.63050092199555024308e+02, 3.69608289502087075107e+02
1.01400000000000000000e+03, 5.64900000000000019895e+01, 6.96177999999999997272e+02, 3.66040000000000020464e+02, 2019/5/7/11:14, 6.66888395677727544353e+02, 3.69328250735573419661e+02
1.01400000000000000000e+03, 5.64900000000000019895e+01, 6.93341999999999984539e+02, 3.67459999999999979536e+02, 2019/5/7/11:15, 6.66888395677727544353e+02, 3.69328250735573419661e+02
1.00800000000000000000e+03, 5.62800000000000011369e+01, 6.87798999999999978172e+02, 3.70529999999999972715e+02, 2019/5/7/11:16, 6.63050092199555024308e+02, 3.69608289502087075107e+02
1.01400000000000000000e+03, 5.64900000000000019895e+01, 6.90160999999999944521e+02, 3.68430000000000006821e+02, 2019/5/7/11:17, 6.66888395677727544353e+02, 3.69328250735573419661e+02
1.01400000000000000000e+03, 5.63900000000000005684e+01, 6.93662000000000034561e+02, 3.67290000000000020464e+02, 2019/5/7/11:18, 6.66914681260835777721e+02, 3.69503002982509542562e+02
1.01400000000000000000e+03, 5.63900000000000005684e+01, 7.00951000000000021828e+02, 3.63230000000000018190e+02, 2019/5/7/11:19, 6.66914681260835777721e+02, 3.69503002982509542562e+02
1.00800000000000000000e+03, 5.61799999999999997158e+01, 6.98427000000000020918e+02, 3.64920000000000015916e+02, 2019/5/7/11:20, 6.63077743347513433037e+02, 3.69782286206636683801e+02
1.01400000000000000000e+03, 5.64900000000000019895e+01, 6.95527000000000043656e+02, 3.68560000000000002274e+02, 2019/5/7/11:21, 6.66888395677727544353e+02, 3.69328250735573419661e+02
1.02000000000000000000e+03, 5.68999999999999985789e+01, 6.97500000000000000000e+02, 3.68029999999999972715e+02, 2019/5/7/11:22, 6.70658801915727167398e+02, 3.68706392141461265055e+02
1.01400000000000000000e+03, 5.66899999999999977263e+01, 6.98272000000000048203e+02, 3.68459999999999979536e+02, 2019/5/7/11:23, 6.66845356659959861645e+02, 3.68973542920467366457e+02
1.02000000000000000000e+03, 5.67000000000000028422e+01, 6.98307000000000016371e+02, 3.69459999999999979536e+02, 2019/5/7/11:24, 6.70719428546643825939e+02, 3.69051435087195613960e+02
1.02600000000000000000e+03, 5.68100000000000022737e+01, 6.99145999999999958163e+02, 3.70959999999999979536e+02, 2019/5/7/11:25, 6.74582811818943469007e+02, 3.68945264355172753312e+02
1.02600000000000000000e+03, 5.67100000000000008527e+01, 6.72207999999999969987e+02, 3.85870000000000004547e+02, 2019/5/7/11:26, 6.74628408115461297712e+02, 3.69109532559189801759e+02
1.02000000000000000000e+03, 5.65000000000000000000e+01, 6.70458999999999946340e+02, 3.87170000000000015916e+02, 2019/5/7/11:27, 6.70777915450354612403e+02, 3.69397746004495445504e+02
1.02000000000000000000e+03, 5.65000000000000000000e+01, 6.65893000000000029104e+02, 3.88939999999999997726e+02, 2019/5/7/11:28, 6.70777915450354612403e+02, 3.69397746004495445504e+02
1.01400000000000000000e+03, 5.63900000000000005684e+01, 6.64551000000000044565e+02, 3.88889999999999986358e+02, 2019/5/7/11:29, 6.66914681260835777721e+02, 3.69503002982509542562e+02
1.02000000000000000000e+03, 5.67000000000000028422e+01, 6.64990000000000009095e+02, 3.88730000000000018190e+02, 2019/5/7/11:30, 6.70719428546643825939e+02, 3.69051435087195613960e+02
1.01400000000000000000e+03, 5.65900000000000034106e+01, 6.63410999999999944521e+02, 3.88920000000000015916e+02, 2019/5/7/11:31, 6.66852003533835159033e+02, 3.69159120504681482089e+02
1.01400000000000000000e+03, 5.64900000000000019895e+01, 6.62326000000000021828e+02, 3.88670000000000015916e+02, 2019/5/7/11:32, 6.66888395677727544353e+02, 3.69328250735573419661e+02
1.01400000000000000000e+03, 5.63900000000000005684e+01, 6.66888000000000033651e+02, 3.86149999999999977263e+02, 2019/5/7/11:33, 6.66914681260835777721e+02, 3.69503002982509542562e+02
1.01400000000000000000e+03, 5.65900000000000034106e+01, 6.67133000000000038199e+02, 3.85990000000000009095e+02, 2019/5/7/11:34, 6.66852003533835159033e+02, 3.69159120504681482089e+02
1.01400000000000000000e+03, 5.66899999999999977263e+01, 6.70998000000000047294e+02, 3.84100000000000022737e+02, 2019/5/7/11:35, 6.66845356659959861645e+02, 3.68973542920467366457e+02
1.01400000000000000000e+03, 5.66899999999999977263e+01, 6.71518000000000029104e+02, 3.83879999999999995453e+02, 2019/5/7/11:36, 6.66845356659959861645e+02, 3.68973542920467366457e+02
1.01400000000000000000e+03, 5.67899999999999991473e+01, 6.72149000000000000909e+02, 3.83699999999999988631e+02, 2019/5/7/11:37, 6.66797071328120637190e+02, 3.68811040874255468225e+02
1.00800000000000000000e+03, 5.67800000000000011369e+01, 6.71196000000000026375e+02, 3.83889999999999986358e+02, 2019/5/7/11:38, 6.62904568964120926466e+02, 3.68742851357362951603e+02
1.00800000000000000000e+03, 5.68800000000000025580e+01, 6.73423000000000001819e+02, 3.83850000000000022737e+02, 2019/5/7/11:39, 6.62871308603298530215e+02, 3.68572154798760664107e+02
1.00800000000000000000e+03, 5.68800000000000025580e+01, 6.71381999999999948159e+02, 3.83660000000000025011e+02, 2019/5/7/11:40, 6.62871308603298530215e+02, 3.68572154798760664107e+02
1.00200000000000000000e+03, 5.67700000000000031264e+01, 6.75876999999999952706e+02, 3.80360000000000013642e+02, 2019/5/7/11:41, 6.58997225612682996143e+02, 3.68682372036877609389e+02
1.00200000000000000000e+03, 5.68699999999999974420e+01, 6.85624000000000023647e+02, 3.75139999999999986358e+02, 2019/5/7/11:42, 6.58986005534116657145e+02, 3.68499424272094472599e+02
1.00800000000000000000e+03, 5.70799999999999982947e+01, 6.93163000000000010914e+02, 3.72519999999999981810e+02, 2019/5/7/11:43, 6.62829877136794721082e+02, 3.68216916300368609427e+02
1.00800000000000000000e+03, 5.68800000000000025580e+01, 6.94051000000000044565e+02, 3.72470000000000027285e+02, 2019/5/7/11:44, 6.62871308603298530215e+02, 3.68572154798760664107e+02
1.01400000000000000000e+03, 5.70900000000000034106e+01, 6.95423999999999978172e+02, 3.72439999999999997726e+02, 2019/5/7/11:45, 6.66708232665885361712e+02, 3.68292685176785710155e+02
1.01400000000000000000e+03, 5.71899999999999977263e+01, 6.95219000000000050932e+02, 3.72379999999999995453e+02, 2019/5/7/11:46, 6.66678416896212411302e+02, 3.68120065178045479115e+02
1.01400000000000000000e+03, 5.72899999999999991473e+01, 6.93760999999999967258e+02, 3.73470000000000027285e+02, 2019/5/7/11:47, 6.66645155224874542910e+02, 3.67949366836619446985e+02
1.01400000000000000000e+03, 5.72899999999999991473e+01, 6.85509000000000014552e+02, 3.77759999999999990905e+02, 2019/5/7/11:48, 6.66645155224874542910e+02, 3.67949366836619446985e+02
1.01400000000000000000e+03, 5.72899999999999991473e+01, 6.85938999999999964530e+02, 3.77860000000000013642e+02, 2019/5/7/11:49, 6.66645155224874542910e+02, 3.67949366836619446985e+02
1.00800000000000000000e+03, 5.69799999999999968736e+01, 6.84366999999999961801e+02, 3.77769999999999981810e+02, 2019/5/7/11:50, 6.62841747301729128594e+02, 3.68399413356498939720e+02
1.00800000000000000000e+03, 5.70799999999999982947e+01, 6.82865000000000009095e+02, 3.77800000000000011369e+02, 2019/5/7/11:51, 6.62829877136794721082e+02, 3.68216916300368609427e+02
1.00800000000000000000e+03, 5.71799999999999997158e+01, 6.84158999999999991815e+02, 3.76139999999999986358e+02, 2019/5/7/11:52, 6.62802946965974001614e+02, 3.68042746285299983811e+02
1.00800000000000000000e+03, 5.71799999999999997158e+01, 6.84562000000000011823e+02, 3.75670000000000015916e+02, 2019/5/7/11:53, 6.62802946965974001614e+02, 3.68042746285299983811e+02
1.00800000000000000000e+03, 5.71799999999999997158e+01, 6.85836999999999989086e+02, 3.74689999999999997726e+02, 2019/5/7/11:54, 6.62802946965974001614e+02, 3.68042746285299983811e+02
1.00800000000000000000e+03, 5.72800000000000011369e+01, 6.98282000000000039108e+02, 3.67860000000000013642e+02, 2019/5/7/11:55, 6.62754408142092756862e+02, 3.67880623208815165981e+02
1.00800000000000000000e+03, 5.73800000000000025580e+01, 7.10808999999999969077e+02, 3.60420000000000015916e+02, 2019/5/7/11:56, 6.62734200801278461768e+02, 3.67702805716807461067e+02
1.01400000000000000000e+03, 5.76899999999999977263e+01, 7.02738000000000056389e+02, 3.65730000000000018190e+02, 2019/5/7/11:57, 6.66357078275087019392e+02, 3.67352298561869758942e+02
1.01400000000000000000e+03, 5.75900000000000034106e+01, 7.09111999999999966349e+02, 3.61500000000000000000e+02, 2019/5/7/11:58, 6.66453896902981909989e+02, 3.67487907350136197238e+02
1.01400000000000000000e+03, 5.73900000000000005684e+01, 7.07634999999999990905e+02, 3.61610000000000013642e+02, 2019/5/7/11:59, 6.66614988222583860988e+02, 3.67776989840621638450e+02
1.02000000000000000000e+03, 5.75000000000000000000e+01, 7.08672000000000025466e+02, 3.63370000000000004547e+02, 2019/5/7/12:0, 6.70352716010826725324e+02, 3.67611980037933506082e+02
1.02600000000000000000e+03, 5.76099999999999994316e+01, 7.10676000000000044565e+02, 3.64319999999999993179e+02, 2019/5/7/12:1, 6.74053368799695931557e+02, 3.67593558697398805180e+02
1.02000000000000000000e+03, 5.73999999999999985789e+01, 7.09365000000000009095e+02, 3.64290000000000020464e+02, 2019/5/7/12:2, 6.70449755255925879283e+02, 3.67747699577392097581e+02
1.01400000000000000000e+03, 5.72899999999999991473e+01, 7.08107999999999947249e+02, 3.64300000000000011369e+02, 2019/5/7/12:3, 6.66648526403215782921e+02, 3.67819359124433390207e+02
1.02000000000000000000e+03, 5.75000000000000000000e+01, 7.08525999999999953616e+02, 3.64269999999999981810e+02, 2019/5/7/12:4, 6.70352716010826725324e+02, 3.67611980037933506082e+02
1.02000000000000000000e+03, 5.77000000000000028422e+01, 7.07640999999999962711e+02, 3.64259999999999990905e+02, 2019/5/7/12:5, 6.70158302322547115182e+02, 3.67340607086232466827e+02
1.02600000000000000000e+03, 5.80099999999999980105e+01, 7.10711999999999989086e+02, 3.64050000000000011369e+02, 2019/5/7/12:6, 6.73659635590448147013e+02, 3.67051760266408393818e+02
1.02600000000000000000e+03, 5.79099999999999965894e+01, 6.88022000000000048203e+02, 3.76850000000000022737e+02, 2019/5/7/12:7, 6.73758216210194404994e+02, 3.67187188853686109269e+02
1.02600000000000000000e+03, 5.78100000000000022737e+01, 6.85123000000000047294e+02, 3.77790000000000020464e+02, 2019/5/7/12:8, 6.73856638308067317666e+02, 3.67322664294264711771e+02
1.02600000000000000000e+03, 5.77100000000000008527e+01, 6.85462999999999965439e+02, 3.77790000000000020464e+02, 2019/5/7/12:9, 6.73955351407692546672e+02, 3.67457941571509024925e+02
1.02600000000000000000e+03, 5.77100000000000008527e+01, 6.84346000000000003638e+02, 3.77850000000000022737e+02, 2019/5/7/12:10, 6.73955351407692546672e+02, 3.67457941571509024925e+02
1.02600000000000000000e+03, 5.76099999999999994316e+01, 6.83857999999999947249e+02, 3.77709999999999979536e+02, 2019/5/7/12:11, 6.74053368799695931557e+02, 3.67593558697398805180e+02
1.02000000000000000000e+03, 5.73999999999999985789e+01, 6.82395999999999958163e+02, 3.77050000000000011369e+02, 2019/5/7/12:12, 6.70449755255925879283e+02, 3.67747699577392097581e+02
1.02000000000000000000e+03, 5.73999999999999985789e+01, 6.90301000000000044565e+02, 3.72079999999999984084e+02, 2019/5/7/12:13, 6.70449755255925879283e+02, 3.67747699577392097581e+02
1.02000000000000000000e+03, 5.75000000000000000000e+01, 7.05145999999999958163e+02, 3.62939999999999997726e+02, 2019/5/7/12:14, 6.70352716010826725324e+02, 3.67611980037933506082e+02
1.02000000000000000000e+03, 5.76000000000000014211e+01, 7.16292000000000030013e+02, 3.57019999999999981810e+02, 2019/5/7/12:15, 6.70255606542789223568e+02, 3.67476259801825392515e+02
1.02600000000000000000e+03, 5.79099999999999965894e+01, 7.17884999999999990905e+02, 3.57110000000000013642e+02, 2019/5/7/12:16, 6.73758216210194404994e+02, 3.67187188853686109269e+02
1.03200000000000000000e+03, 5.81199999999999974420e+01, 7.19404999999999972715e+02, 3.56899999999999977263e+02, 2019/5/7/12:17, 6.77355585607337161491e+02, 3.67032385192380957051e+02
1.03200000000000000000e+03, 5.80200000000000031264e+01, 7.21229000000000041837e+02, 3.56879999999999995453e+02, 2019/5/7/12:18, 6.77454889604893537580e+02, 3.67167814867734648487e+02
1.03800000000000000000e+03, 5.82299999999999968736e+01, 7.13777000000000043656e+02, 3.63509999999999990905e+02, 2019/5/7/12:19, 6.81049253491887384371e+02, 3.67012324145834497813e+02
1.03800000000000000000e+03, 5.83299999999999982947e+01, 6.67256999999999948159e+02, 3.88790000000000020464e+02, 2019/5/7/12:20, 6.80949499718714378105e+02, 3.66876705141069976435e+02
1.03800000000000000000e+03, 5.83299999999999982947e+01, 6.66360999999999989996e+02, 3.89019999999999981810e+02, 2019/5/7/12:21, 6.80949499718714378105e+02, 3.66876705141069976435e+02
1.03800000000000000000e+03, 5.83299999999999982947e+01, 6.65546000000000049113e+02, 3.88889999999999986358e+02, 2019/5/7/12:22, 6.80949499718714378105e+02, 3.66876705141069976435e+02
1.03200000000000000000e+03, 5.81199999999999974420e+01, 6.64139000000000010004e+02, 3.89029999999999972715e+02, 2019/5/7/12:23, 6.77355585607337161491e+02, 3.67032385192380957051e+02
1.03200000000000000000e+03, 5.81199999999999974420e+01, 6.63082999999999969987e+02, 3.88959999999999979536e+02, 2019/5/7/12:24, 6.77355585607337161491e+02, 3.67032385192380957051e+02
1.03200000000000000000e+03, 5.82199999999999988631e+01, 6.62936000000000035470e+02, 3.88980000000000018190e+02, 2019/5/7/12:25, 6.77256545009714045591e+02, 3.66896773174490135716e+02
1.03800000000000000000e+03, 5.83299999999999982947e+01, 6.63864000000000032742e+02, 3.88959999999999979536e+02, 2019/5/7/12:26, 6.80949499718714378105e+02, 3.66876705141069976435e+02
1.03800000000000000000e+03, 5.82299999999999968736e+01, 6.64562999999999988177e+02, 3.88910000000000025011e+02, 2019/5/7/12:27, 6.81049253491887384371e+02, 3.67012324145834497813e+02
1.03800000000000000000e+03, 5.82299999999999968736e+01, 6.65333999999999946340e+02, 3.88879999999999995453e+02, 2019/5/7/12:28, 6.81049253491887384371e+02, 3.67012324145834497813e+02
1.03800000000000000000e+03, 5.82299999999999968736e+01, 6.66057000000000016371e+02, 3.88959999999999979536e+02, 2019/5/7/12:29, 6.81049253491887384371e+02, 3.67012324145834497813e+02
1.03800000000000000000e+03, 5.81300000000000025580e+01, 6.66323999999999955435e+02, 3.88800000000000011369e+02, 2019/5/7/12:30, 6.81149042723232923890e+02, 3.67147884121684683123e+02
1.03800000000000000000e+03, 5.81300000000000025580e+01, 6.64288000000000010914e+02, 3.88759999999999990905e+02, 2019/5/7/12:31, 6.81149042723232923890e+02, 3.67147884121684683123e+02
1.03800000000000000000e+03, 5.82299999999999968736e+01, 6.63471000000000003638e+02, 3.88759999999999990905e+02, 2019/5/7/12:32, 6.81049253491887384371e+02, 3.67012324145834497813e+02
1.03800000000000000000e+03, 5.82299999999999968736e+01, 6.64153999999999996362e+02, 3.87430000000000006821e+02, 2019/5/7/12:33, 6.81049253491887384371e+02, 3.67012324145834497813e+02
1.04400000000000000000e+03, 5.85399999999999991473e+01, 6.65259000000000014552e+02, 3.86889999999999986358e+02, 2019/5/7/12:34, 6.84538940473471029691e+02, 3.66720703028788705069e+02
1.04400000000000000000e+03, 5.84399999999999977263e+01, 6.67745000000000004547e+02, 3.86009999999999990905e+02, 2019/5/7/12:35, 6.84639849960265792106e+02, 3.66856131720747043801e+02
1.04400000000000000000e+03, 5.85399999999999991473e+01, 6.69119000000000028194e+02, 3.86069999999999993179e+02, 2019/5/7/12:36, 6.84538940473471029691e+02, 3.66720703028788705069e+02
1.04400000000000000000e+03, 5.86400000000000005684e+01, 6.67839000000000055479e+02, 3.86110000000000013642e+02, 2019/5/7/12:37, 6.84437883731356237149e+02, 3.66585313341534799747e+02
1.04400000000000000000e+03, 5.87400000000000019895e+01, 6.66351999999999975444e+02, 3.86139999999999986358e+02, 2019/5/7/12:38, 6.84336917534419399090e+02, 3.66449835251069032438e+02
1.04400000000000000000e+03, 5.86400000000000005684e+01, 6.66628000000000042746e+02, 3.86269999999999981810e+02, 2019/5/7/12:39, 6.84437883731356237149e+02, 3.66585313341534799747e+02
1.04400000000000000000e+03, 5.86400000000000005684e+01, 6.67306000000000040018e+02, 3.86360000000000013642e+02, 2019/5/7/12:40, 6.84437883731356237149e+02, 3.66585313341534799747e+02
1.04400000000000000000e+03, 5.86400000000000005684e+01, 6.67519000000000005457e+02, 3.86319999999999993179e+02, 2019/5/7/12:41, 6.84437883731356237149e+02, 3.66585313341534799747e+02
1.04400000000000000000e+03, 5.83400000000000034106e+01, 6.66527000000000043656e+02, 3.86269999999999981810e+02, 2019/5/7/12:42, 6.84740253399022549274e+02, 3.66991791784219856254e+02
1.04400000000000000000e+03, 5.84399999999999977263e+01, 6.67890999999999962711e+02, 3.85000000000000000000e+02, 2019/5/7/12:43, 6.84639849960265792106e+02, 3.66856131720747043801e+02
1.03800000000000000000e+03, 5.82299999999999968736e+01, 6.75135999999999967258e+02, 3.80670000000000015916e+02, 2019/5/7/12:44, 6.81049253491887384371e+02, 3.67012324145834497813e+02
1.03800000000000000000e+03, 5.83299999999999982947e+01, 6.91162000000000034561e+02, 3.70329999999999984084e+02, 2019/5/7/12:45, 6.80949499718714378105e+02, 3.66876705141069976435e+02
1.03200000000000000000e+03, 5.82199999999999988631e+01, 6.98625999999999976353e+02, 3.64149999999999977263e+02, 2019/5/7/12:46, 6.77256545009714045591e+02, 3.66896773174490135716e+02
1.03800000000000000000e+03, 5.83299999999999982947e+01, 6.97309999999999945430e+02, 3.65279999999999972715e+02, 2019/5/7/12:47, 6.80949499718714378105e+02, 3.66876705141069976435e+02
1.03800000000000000000e+03, 5.83299999999999982947e+01, 7.00259000000000014552e+02, 3.64029999999999972715e+02, 2019/5/7/12:48, 6.80949499718714378105e+02, 3.66876705141069976435e+02
1.03200000000000000000e+03, 5.82199999999999988631e+01, 6.99836999999999989086e+02, 3.63029999999999972715e+02, 2019/5/7/12:49, 6.77256545009714045591e+02, 3.66896773174490135716e+02
1.03800000000000000000e+03, 5.85300000000000011369e+01, 6.89822000000000002728e+02, 3.67329999999999984084e+02, 2019/5/7/12:50, 6.80750212906417118575e+02, 3.66605229329102428437e+02
1.03200000000000000000e+03, 5.84200000000000017053e+01, 6.94614000000000032742e+02, 3.64259999999999990905e+02, 2019/5/7/12:51, 6.77057656211156540849e+02, 3.66625867633933864909e+02
1.03800000000000000000e+03, 5.88299999999999982947e+01, 6.96032000000000039108e+02, 3.64600000000000022737e+02, 2019/5/7/12:52, 6.80447662462396124283e+02, 3.66199667774633496720e+02
1.04400000000000000000e+03, 5.88400000000000034106e+01, 6.94614000000000032742e+02, 3.66670000000000015916e+02, 2019/5/7/12:53, 6.84235804522093985724e+02, 3.66314395845552553510e+02
1.03800000000000000000e+03, 5.87299999999999968736e+01, 6.95876999999999952706e+02, 3.66339999999999974989e+02, 2019/5/7/12:54, 6.80548346798694069548e+02, 3.66334984415897224608e+02
1.03800000000000000000e+03, 5.88299999999999982947e+01, 6.90809999999999945430e+02, 3.69610000000000013642e+02, 2019/5/7/12:55, 6.80447662462396124283e+02, 3.66199667774633496720e+02
1.03800000000000000000e+03, 5.89299999999999997158e+01, 6.92793999999999982720e+02, 3.67519999999999981810e+02, 2019/5/7/12:56, 6.80347235172222212896e+02, 3.66064172846067549472e+02
1.03800000000000000000e+03, 5.89299999999999997158e+01, 6.92783000000000015461e+02, 3.67560000000000002274e+02, 2019/5/7/12:57, 6.80347235172222212896e+02, 3.66064172846067549472e+02
1.03800000000000000000e+03, 5.89299999999999997158e+01, 6.94082999999999969987e+02, 3.66939999999999997726e+02, 2019/5/7/12:58, 6.80347235172222212896e+02, 3.66064172846067549472e+02
1.03800000000000000000e+03, 5.89299999999999997158e+01, 6.95890999999999962711e+02, 3.65879999999999995453e+02, 2019/5/7/12:59, 6.80347235172222212896e+02, 3.66064172846067549472e+02
1.03800000000000000000e+03, 5.88299999999999982947e+01, 6.94684999999999945430e+02, 3.67009999999999990905e+02, 2019/5/7/13:0, 6.80447662462396124283e+02, 3.66199667774633496720e+02
1.04400000000000000000e+03, 5.88400000000000034106e+01, 6.89975000000000022737e+02, 3.69959999999999979536e+02, 2019/5/7/13:1, 6.84235804522093985724e+02, 3.66314395845552553510e+02
1.04400000000000000000e+03, 5.88400000000000034106e+01, 6.90489000000000032742e+02, 3.70480000000000018190e+02, 2019/5/7/13:2, 6.84235804522093985724e+02, 3.66314395845552553510e+02
1.03800000000000000000e+03, 5.85300000000000011369e+01, 6.84577999999999974534e+02, 3.72180000000000006821e+02, 2019/5/7/13:3, 6.80750212906417118575e+02, 3.66605229329102428437e+02
1.03800000000000000000e+03, 5.86300000000000025580e+01, 6.88320000000000050022e+02, 3.68019999999999981810e+02, 2019/5/7/13:4, 6.80649933047488616467e+02, 3.66469774636232386911e+02
1.03800000000000000000e+03, 5.87299999999999968736e+01, 6.88453999999999950887e+02, 3.68240000000000009095e+02, 2019/5/7/13:5, 6.80548346798694069548e+02, 3.66334984415897224608e+02
1.03800000000000000000e+03, 5.86300000000000025580e+01, 6.86962999999999965439e+02, 3.69550000000000011369e+02, 2019/5/7/13:6, 6.80649933047488616467e+02, 3.66469774636232386911e+02
1.03800000000000000000e+03, 5.87299999999999968736e+01, 6.86745999999999980901e+02, 3.69420000000000015916e+02, 2019/5/7/13:7, 6.80548346798694069548e+02, 3.66334984415897224608e+02
1.03800000000000000000e+03, 5.86300000000000025580e+01, 6.82201999999999998181e+02, 3.71529999999999972715e+02, 2019/5/7/13:8, 6.80649933047488616467e+02, 3.66469774636232386911e+02
1.03800000000000000000e+03, 5.87299999999999968736e+01, 6.83183999999999969077e+02, 3.71050000000000011369e+02, 2019/5/7/13:9, 6.80548346798694069548e+02, 3.66334984415897224608e+02
1.04400000000000000000e+03, 5.89399999999999977263e+01, 6.84140999999999962711e+02, 3.71269999999999981810e+02, 2019/5/7/13:10, 6.84135198904273579501e+02, 3.66178644691384306498e+02
1.04400000000000000000e+03, 5.90399999999999991473e+01, 6.86409999999999968168e+02, 3.69730000000000018190e+02, 2019/5/7/13:11, 6.84033967972238087896e+02, 3.66043188313999394268e+02
1.04400000000000000000e+03, 5.90399999999999991473e+01, 6.84346999999999979991e+02, 3.70379999999999995453e+02, 2019/5/7/13:12, 6.84033967972238087896e+02, 3.66043188313999394268e+02
1.03800000000000000000e+03, 5.88299999999999982947e+01, 6.82972999999999956344e+02, 3.70470000000000027285e+02, 2019/5/7/13:13, 6.80447662462396124283e+02, 3.66199667774633496720e+02
1.03800000000000000000e+03, 5.88299999999999982947e+01, 6.82655999999999949068e+02, 3.69709999999999979536e+02, 2019/5/7/13:14, 6.80447662462396124283e+02, 3.66199667774633496720e+02
1.04400000000000000000e+03, 5.89399999999999977263e+01, 6.82278999999999996362e+02, 3.71259999999999990905e+02, 2019/5/7/13:15, 6.84135198904273579501e+02, 3.66178644691384306498e+02
1.04400000000000000000e+03, 5.87400000000000019895e+01, 6.79653000000000020009e+02, 3.71949999999999988631e+02, 2019/5/7/13:16, 6.84336917534419399090e+02, 3.66449835251069032438e+02
1.04400000000000000000e+03, 5.87400000000000019895e+01, 6.81798999999999978172e+02, 3.70839999999999974989e+02, 2019/5/7/13:17, 6.84336917534419399090e+02, 3.66449835251069032438e+02
1.03800000000000000000e+03, 5.84299999999999997158e+01, 6.75982999999999947249e+02, 3.73170000000000015916e+02, 2019/5/7/13:18, 6.80849853403084694037e+02, 3.66740988616623496910e+02
1.04400000000000000000e+03, 5.85399999999999991473e+01, 6.75325000000000045475e+02, 3.72680000000000006821e+02, 2019/5/7/13:19, 6.84538940473471029691e+02, 3.66720703028788705069e+02
1.03800000000000000000e+03, 5.84299999999999997158e+01, 6.70783999999999991815e+02, 3.74709999999999979536e+02, 2019/5/7/13:20, 6.80849853403084694037e+02, 3.66740988616623496910e+02
1.03800000000000000000e+03, 5.84299999999999997158e+01, 6.70639000000000010004e+02, 3.73810000000000002274e+02, 2019/5/7/13:21, 6.80849853403084694037e+02, 3.66740988616623496910e+02
1.03800000000000000000e+03, 5.85300000000000011369e+01, 6.66734000000000037289e+02, 3.75790000000000020464e+02, 2019/5/7/13:22, 6.80750212906417118575e+02, 3.66605229329102428437e+02
1.03800000000000000000e+03, 5.84299999999999997158e+01, 6.75456999999999993634e+02, 3.69279999999999972715e+02, 2019/5/7/13:23, 6.80849853403084694037e+02, 3.66740988616623496910e+02
1.03800000000000000000e+03, 5.83299999999999982947e+01, 6.78024999999999977263e+02, 3.66370000000000004547e+02, 2019/5/7/13:24, 6.80949499718714378105e+02, 3.66876705141069976435e+02
1.03200000000000000000e+03, 5.80200000000000031264e+01, 6.71068999999999959982e+02, 3.69709999999999979536e+02, 2019/5/7/13:25, 6.77454889604893537580e+02, 3.67167814867734648487e+02
1.03200000000000000000e+03, 5.80200000000000031264e+01, 6.69684999999999945430e+02, 3.69660000000000025011e+02, 2019/5/7/13:26, 6.77454889604893537580e+02, 3.67167814867734648487e+02
1.03800000000000000000e+03, 5.83299999999999982947e+01, 6.65241999999999961801e+02, 3.71970000000000027285e+02, 2019/5/7/13:27, 6.80949499718714378105e+02, 3.66876705141069976435e+02
1.03200000000000000000e+03, 5.81199999999999974420e+01, 6.64361999999999966349e+02, 3.70899999999999977263e+02, 2019/5/7/13:28, 6.77355585607337161491e+02, 3.67032385192380957051e+02
1.03200000000000000000e+03, 5.82199999999999988631e+01, 6.64807000000000016371e+02, 3.70269999999999981810e+02, 2019/5/7/13:29, 6.77256545009714045591e+02, 3.66896773174490135716e+02
1.03200000000000000000e+03, 5.83200000000000002842e+01, 6.64331000000000017280e+02, 3.70819999999999993179e+02, 2019/5/7/13:30, 6.77156855258637392581e+02, 3.66761473150151346090e+02
1.03200000000000000000e+03, 5.83200000000000002842e+01, 6.63359000000000037289e+02, 3.71180000000000006821e+02, 2019/5/7/13:31, 6.77156855258637392581e+02, 3.66761473150151346090e+02
1.03200000000000000000e+03, 5.82199999999999988631e+01, 6.64727999999999951797e+02, 3.68730000000000018190e+02, 2019/5/7/13:32, 6.77256545009714045591e+02, 3.66896773174490135716e+02
1.03200000000000000000e+03, 5.82199999999999988631e+01, 6.64861999999999966349e+02, 3.68920000000000015916e+02, 2019/5/7/13:33, 6.77256545009714045591e+02, 3.66896773174490135716e+02
1.03200000000000000000e+03, 5.80200000000000031264e+01, 6.59977999999999951797e+02, 3.72060000000000002274e+02, 2019/5/7/13:34, 6.77454889604893537580e+02, 3.67167814867734648487e+02
1.03200000000000000000e+03, 5.80200000000000031264e+01, 6.59909999999999968168e+02, 3.72050000000000011369e+02, 2019/5/7/13:35, 6.77454889604893537580e+02, 3.67167814867734648487e+02
1.03200000000000000000e+03, 5.82199999999999988631e+01, 6.59972999999999956344e+02, 3.71819999999999993179e+02, 2019/5/7/13:36, 6.77256545009714045591e+02, 3.66896773174490135716e+02
1.03800000000000000000e+03, 5.85300000000000011369e+01, 6.64514000000000010004e+02, 3.69230000000000018190e+02, 2019/5/7/13:37, 6.80750212906417118575e+02, 3.66605229329102428437e+02
1.03800000000000000000e+03, 5.83299999999999982947e+01, 6.63698999999999955435e+02, 3.69079999999999984084e+02, 2019/5/7/13:38, 6.80949499718714378105e+02, 3.66876705141069976435e+02
1.03800000000000000000e+03, 5.84299999999999997158e+01, 6.63302000000000020918e+02, 3.68459999999999979536e+02, 2019/5/7/13:39, 6.80849853403084694037e+02, 3.66740988616623496910e+02
1.03800000000000000000e+03, 5.85300000000000011369e+01, 6.57658999999999991815e+02, 3.71370000000000004547e+02, 2019/5/7/13:40, 6.80750212906417118575e+02, 3.66605229329102428437e+02
1.03800000000000000000e+03, 5.85300000000000011369e+01, 6.58413999999999987267e+02, 3.70470000000000027285e+02, 2019/5/7/13:41, 6.80750212906417118575e+02, 3.66605229329102428437e+02
1.03800000000000000000e+03, 5.85300000000000011369e+01, 6.57052999999999997272e+02, 3.71550000000000011369e+02, 2019/5/7/13:42, 6.80750212906417118575e+02, 3.66605229329102428437e+02
1.03800000000000000000e+03, 5.85300000000000011369e+01, 6.56115000000000009095e+02, 3.71550000000000011369e+02, 2019/5/7/13:43, 6.80750212906417118575e+02, 3.66605229329102428437e+02
1.03800000000000000000e+03, 5.83299999999999982947e+01, 6.55408999999999991815e+02, 3.72290000000000020464e+02, 2019/5/7/13:44, 6.80949499718714378105e+02, 3.66876705141069976435e+02
1.03200000000000000000e+03, 5.81199999999999974420e+01, 6.52542000000000030013e+02, 3.72569999999999993179e+02, 2019/5/7/13:45, 6.77355585607337161491e+02, 3.67032385192380957051e+02
1.03800000000000000000e+03, 5.83299999999999982947e+01, 6.51224000000000046384e+02, 3.73019999999999981810e+02, 2019/5/7/13:46, 6.80949499718714378105e+02, 3.66876705141069976435e+02
1.03200000000000000000e+03, 5.80200000000000031264e+01, 6.53102999999999951797e+02, 3.70589999999999974989e+02, 2019/5/7/13:47, 6.77454889604893537580e+02, 3.67167814867734648487e+02
1.03200000000000000000e+03, 5.80200000000000031264e+01, 6.51283999999999991815e+02, 3.71389999999999986358e+02, 2019/5/7/13:48, 6.77454889604893537580e+02, 3.67167814867734648487e+02
1.03800000000000000000e+03, 5.83299999999999982947e+01, 6.50585000000000036380e+02, 3.72149999999999977263e+02, 2019/5/7/13:49, 6.80949499718714378105e+02, 3.66876705141069976435e+02
1.03200000000000000000e+03, 5.82199999999999988631e+01, 6.51702999999999974534e+02, 3.70500000000000000000e+02, 2019/5/7/13:50, 6.77256545009714045591e+02, 3.66896773174490135716e+02
1.03200000000000000000e+03, 5.81199999999999974420e+01, 6.47171000000000049113e+02, 3.72430000000000006821e+02, 2019/5/7/13:51, 6.77355585607337161491e+02, 3.67032385192380957051e+02
1.03200000000000000000e+03, 5.80200000000000031264e+01, 6.43293000000000006366e+02, 3.74850000000000022737e+02, 2019/5/7/13:52, 6.77454889604893537580e+02, 3.67167814867734648487e+02
1.03200000000000000000e+03, 5.80200000000000031264e+01, 6.38927999999999997272e+02, 3.78680000000000006821e+02, 2019/5/7/13:53, 6.77454889604893537580e+02, 3.67167814867734648487e+02
1.03200000000000000000e+03, 5.80200000000000031264e+01, 6.44556000000000040018e+02, 3.74279999999999972715e+02, 2019/5/7/13:54, 6.77454889604893537580e+02, 3.67167814867734648487e+02
1.03200000000000000000e+03, 5.81199999999999974420e+01, 6.39408999999999991815e+02, 3.77399999999999977263e+02, 2019/5/7/13:55, 6.77355585607337161491e+02, 3.67032385192380957051e+02
1.02600000000000000000e+03, 5.79099999999999965894e+01, 6.37030999999999949068e+02, 3.78250000000000000000e+02, 2019/5/7/13:56, 6.73758216210194404994e+02, 3.67187188853686109269e+02
1.02600000000000000000e+03, 5.79099999999999965894e+01, 6.35416000000000053660e+02, 3.78389999999999986358e+02, 2019/5/7/13:57, 6.73758216210194404994e+02, 3.67187188853686109269e+02
1.02600000000000000000e+03, 5.80099999999999980105e+01, 6.36664999999999963620e+02, 3.76490000000000009095e+02, 2019/5/7/13:58, 6.73659635590448147013e+02, 3.67051760266408393818e+02
1.02600000000000000000e+03, 5.80099999999999980105e+01, 6.38750000000000000000e+02, 3.74189999999999997726e+02, 2019/5/7/13:59, 6.73659635590448147013e+02, 3.67051760266408393818e+02
1.02000000000000000000e+03, 5.77000000000000028422e+01, 6.39003000000000042746e+02, 3.72610000000000013642e+02, 2019/5/7/14:0, 6.70158302322547115182e+02, 3.67340607086232466827e+02
1.02000000000000000000e+03, 5.77999999999999971578e+01, 6.37942000000000007276e+02, 3.72629999999999995453e+02, 2019/5/7/14:1, 6.70059116463843793099e+02, 3.67205947280800444332e+02
1.02600000000000000000e+03, 5.79099999999999965894e+01, 6.26219000000000050932e+02, 3.80100000000000022737e+02, 2019/5/7/14:2, 6.73758216210194404994e+02, 3.67187188853686109269e+02
1.02600000000000000000e+03, 5.78100000000000022737e+01, 6.21330000000000040927e+02, 3.82870000000000004547e+02, 2019/5/7/14:3, 6.73856638308067317666e+02, 3.67322664294264711771e+02
1.02600000000000000000e+03, 5.76099999999999994316e+01, 6.21725000000000022737e+02, 3.82480000000000018190e+02, 2019/5/7/14:4, 6.74053368799695931557e+02, 3.67593558697398805180e+02
1.02000000000000000000e+03, 5.73999999999999985789e+01, 6.29456000000000017280e+02, 3.75420000000000015916e+02, 2019/5/7/14:5, 6.70449755255925879283e+02, 3.67747699577392097581e+02
1.01400000000000000000e+03, 5.72899999999999991473e+01, 6.27388000000000033651e+02, 3.74879999999999995453e+02, 2019/5/7/14:6, 6.66648526403215782921e+02, 3.67819359124433390207e+02
1.01400000000000000000e+03, 5.72899999999999991473e+01, 6.21999000000000023647e+02, 3.77009999999999990905e+02, 2019/5/7/14:7, 6.66648526403215782921e+02, 3.67819359124433390207e+02
1.00800000000000000000e+03, 5.70799999999999982947e+01, 6.11861999999999966349e+02, 3.82540000000000020464e+02, 2019/5/7/14:8, 6.62853841884972780463e+02, 3.68075337422889958816e+02
1.01400000000000000000e+03, 5.72899999999999991473e+01, 6.12980000000000018190e+02, 3.81639999999999986358e+02, 2019/5/7/14:9, 6.66648526403215782921e+02, 3.67819359124433390207e+02
1.01400000000000000000e+03, 5.71899999999999977263e+01, 6.10557000000000016371e+02, 3.82819999999999993179e+02, 2019/5/7/14:10, 6.66680738811260994225e+02, 3.67990568851362411351e+02
1.01400000000000000000e+03, 5.72899999999999991473e+01, 6.09779999999999972715e+02, 3.82870000000000004547e+02, 2019/5/7/14:11, 6.66648526403215782921e+02, 3.67819359124433390207e+02
1.00800000000000000000e+03, 5.71799999999999997158e+01, 6.10543999999999982720e+02, 3.82170000000000015916e+02, 2019/5/7/14:12, 6.62774618482903179029e+02, 3.67930273287499460366e+02
1.00800000000000000000e+03, 5.71799999999999997158e+01, 6.07861999999999966349e+02, 3.82670000000000015916e+02, 2019/5/7/14:13, 6.62774618482903179029e+02, 3.67930273287499460366e+02
1.00800000000000000000e+03, 5.71799999999999997158e+01, 6.05774000000000000909e+02, 3.83160000000000025011e+02, 2019/5/7/14:14, 6.62774618482903179029e+02, 3.67930273287499460366e+02
1.00800000000000000000e+03, 5.71799999999999997158e+01, 6.04181000000000040018e+02, 3.82670000000000015916e+02, 2019/5/7/14:15, 6.62774618482903179029e+02, 3.67930273287499460366e+02
1.00200000000000000000e+03, 5.69699999999999988631e+01, 6.02631999999999948159e+02, 3.81870000000000004547e+02, 2019/5/7/14:16, 6.58954834698219315214e+02, 3.68199358192861438965e+02
1.00200000000000000000e+03, 5.69699999999999988631e+01, 5.98589000000000055479e+02, 3.83420000000000015916e+02, 2019/5/7/14:17, 6.58954834698219315214e+02, 3.68199358192861438965e+02
9.96000000000000000000e+02, 5.68599999999999994316e+01, 5.97527000000000043656e+02, 3.83259999999999990905e+02, 2019/5/7/14:18, 6.54900780631478369287e+02, 3.68410103269798696601e+02
9.96000000000000000000e+02, 5.69600000000000008527e+01, 5.96048999999999978172e+02, 3.82819999999999993179e+02, 2019/5/7/14:19, 6.55058143356056348239e+02, 3.68132483672204443792e+02
9.90000000000000000000e+02, 5.66499999999999985789e+01, 5.95212999999999965439e+02, 3.82500000000000000000e+02, 2019/5/7/14:20, 6.51247511571135191843e+02, 3.68583845778463512488e+02
9.90000000000000000000e+02, 5.66499999999999985789e+01, 5.91414999999999963620e+02, 3.84279999999999972715e+02, 2019/5/7/14:21, 6.51247511571135191843e+02, 3.68583845778463512488e+02
9.90000000000000000000e+02, 5.67500000000000000000e+01, 5.92845000000000027285e+02, 3.82800000000000011369e+02, 2019/5/7/14:22, 6.51213663943178630689e+02, 3.68413808756528283084e+02
9.84000000000000000000e+02, 5.65399999999999991473e+01, 5.93235999999999989996e+02, 3.81170000000000015916e+02, 2019/5/7/14:23, 6.47372642949429746295e+02, 3.68692354352850657051e+02
9.84000000000000000000e+02, 5.64399999999999977263e+01, 5.87101999999999975444e+02, 3.83740000000000009095e+02, 2019/5/7/14:24, 6.47398464628913075103e+02, 3.68866910849213070378e+02
9.84000000000000000000e+02, 5.63400000000000034106e+01, 5.86842999999999960892e+02, 3.83870000000000004547e+02, 2019/5/7/14:25, 6.47429207395314392670e+02, 3.69038720565881135371e+02
9.78000000000000000000e+02, 5.61300000000000025580e+01, 5.83581999999999993634e+02, 3.85310000000000002274e+02, 2019/5/7/14:26, 6.43608266480182123814e+02, 3.69304862412133388716e+02
9.84000000000000000000e+02, 5.62400000000000019895e+01, 5.84821000000000026375e+02, 3.84910000000000025011e+02, 2019/5/7/14:27, 6.47467527185311951143e+02, 3.69206202406643342329e+02
9.78000000000000000000e+02, 5.60300000000000011369e+01, 5.81326000000000021828e+02, 3.85870000000000004547e+02, 2019/5/7/14:28, 6.43640327587839692569e+02, 3.69475867992576127108e+02
9.78000000000000000000e+02, 5.59299999999999997158e+01, 5.79129000000000019099e+02, 3.85709999999999979536e+02, 2019/5/7/14:29, 6.43659249498235340070e+02, 3.69654480706358697262e+02
9.72000000000000000000e+02, 5.57199999999999988631e+01, 5.79513000000000033651e+02, 3.84029999999999972715e+02, 2019/5/7/14:30, 6.39817541572222808099e+02, 3.69931600084044873711e+02
9.72000000000000000000e+02, 5.56199999999999974420e+01, 5.75562999999999988177e+02, 3.86009999999999990905e+02, 2019/5/7/14:31, 6.39845991236850295536e+02, 3.70104705193980521472e+02
9.66000000000000000000e+02, 5.54099999999999965894e+01, 5.72725999999999999091e+02, 3.87689999999999997726e+02, 2019/5/7/14:32, 6.36005496124728438190e+02, 3.70380248090501652314e+02
9.66000000000000000000e+02, 5.53100000000000022737e+01, 5.68323999999999955435e+02, 3.89579999999999984084e+02, 2019/5/7/14:33, 6.36040541352809782438e+02, 3.70549509391506830980e+02
9.60000000000000000000e+02, 5.50000000000000000000e+01, 5.66562999999999988177e+02, 3.89149999999999977263e+02, 2019/5/7/14:34, 6.32228217372920880734e+02, 3.70997397423440816056e+02
9.54000000000000000000e+02, 5.47899999999999991473e+01, 5.64927000000000020918e+02, 3.86350000000000022737e+02, 2019/5/7/14:35, 6.28369834487020284541e+02, 3.71281625618249336185e+02
9.48000000000000000000e+02, 5.46799999999999997158e+01, 5.62369000000000028194e+02, 3.86290000000000020464e+02, 2019/5/7/14:36, 6.24493588624643734875e+02, 3.71385823763958001109e+02
9.54000000000000000000e+02, 5.48900000000000005684e+01, 5.60571000000000026375e+02, 3.87259999999999990905e+02, 2019/5/7/14:37, 6.28354726621370673456e+02, 3.71100672421077888430e+02
9.48000000000000000000e+02, 5.46799999999999997158e+01, 5.57043999999999982720e+02, 3.88009999999999990905e+02, 2019/5/7/14:38, 6.24493588624643734875e+02, 3.71385823763958001109e+02
9.48000000000000000000e+02, 5.47800000000000011369e+01, 5.58491999999999961801e+02, 3.87430000000000006821e+02, 2019/5/7/14:39, 6.24492898667164013204e+02, 3.71196307690928790635e+02
9.48000000000000000000e+02, 5.47800000000000011369e+01, 5.57913999999999987267e+02, 3.87540000000000020464e+02, 2019/5/7/14:40, 6.24492898667164013204e+02, 3.71196307690928790635e+02
9.48000000000000000000e+02, 5.48800000000000025580e+01, 5.55861999999999966349e+02, 3.87939999999999997726e+02, 2019/5/7/14:41, 6.24365757511609672292e+02, 3.71083150473218154275e+02
9.48000000000000000000e+02, 5.47800000000000011369e+01, 5.55644000000000005457e+02, 3.88600000000000022737e+02, 2019/5/7/14:42, 6.24492898667164013204e+02, 3.71196307690928790635e+02
9.42000000000000000000e+02, 5.44699999999999988631e+01, 5.53072000000000002728e+02, 3.88649999999999977263e+02, 2019/5/7/14:43, 6.20659823597288209385e+02, 3.71653781445008462470e+02
9.42000000000000000000e+02, 5.45700000000000002842e+01, 5.53376999999999952706e+02, 3.86670000000000015916e+02, 2019/5/7/14:44, 6.20633652171111293683e+02, 3.71479433756255559729e+02
9.42000000000000000000e+02, 5.45700000000000002842e+01, 5.52046000000000049113e+02, 3.86050000000000011369e+02, 2019/5/7/14:45, 6.20633652171111293683e+02, 3.71479433756255559729e+02
9.36000000000000000000e+02, 5.43599999999999994316e+01, 5.48946000000000026375e+02, 3.86069999999999993179e+02, 2019/5/7/14:46, 6.16794684217696044470e+02, 3.71749571019196480393e+02
9.30000000000000000000e+02, 5.41499999999999985789e+01, 5.46760999999999967258e+02, 3.86490000000000009095e+02, 2019/5/7/14:47, 6.12938414147830940237e+02, 3.72029179622953790840e+02
9.24000000000000000000e+02, 5.38400000000000034106e+01, 5.43307000000000016371e+02, 3.86129999999999995453e+02, 2019/5/7/14:48, 6.09117154421258192087e+02, 3.72476927150714175241e+02
9.24000000000000000000e+02, 5.39399999999999977263e+01, 5.42993000000000051841e+02, 3.85209999999999979536e+02, 2019/5/7/14:49, 6.09091248378080422299e+02, 3.72302479767405714028e+02
9.24000000000000000000e+02, 5.39399999999999977263e+01, 5.42154999999999972715e+02, 3.86329999999999984084e+02, 2019/5/7/14:50, 6.09091248378080422299e+02, 3.72302479767405714028e+02
9.18000000000000000000e+02, 5.35300000000000011369e+01, 5.37849000000000046384e+02, 3.88459999999999979536e+02, 2019/5/7/14:51, 6.05308889893280706929e+02, 3.72915660923342784372e+02
9.12000000000000000000e+02, 5.34200000000000017053e+01, 5.33635999999999967258e+02, 3.89720000000000027285e+02, 2019/5/7/14:52, 6.01427672507326178675e+02, 3.73017549607113835464e+02
9.12000000000000000000e+02, 5.33200000000000002842e+01, 5.32275999999999953616e+02, 3.90149999999999977263e+02, 2019/5/7/14:53, 6.01455177974525099671e+02, 3.73190992129832409319e+02
9.06000000000000000000e+02, 5.32100000000000008527e+01, 5.31219000000000050932e+02, 3.89500000000000000000e+02, 2019/5/7/14:54, 5.97574190690882687704e+02, 3.73291874663364012576e+02
9.06000000000000000000e+02, 5.33100000000000022737e+01, 5.29663000000000010914e+02, 3.89000000000000000000e+02, 2019/5/7/14:55, 5.97545226057685454180e+02, 3.73119398990376339498e+02
9.00000000000000000000e+02, 5.31000000000000014211e+01, 5.28774999999999977263e+02, 3.89389999999999986358e+02, 2019/5/7/14:56, 5.93706392647597795076e+02, 3.73383647872968197134e+02
9.00000000000000000000e+02, 5.31000000000000014211e+01, 5.27380999999999971806e+02, 3.90290000000000020464e+02, 2019/5/7/14:57, 5.93706392647597795076e+02, 3.73383647872968197134e+02
8.94000000000000000000e+02, 5.28900000000000005684e+01, 5.25485999999999989996e+02, 3.90129999999999995453e+02, 2019/5/7/14:58, 5.89841421863918412782e+02, 3.73663277342470678377e+02
8.88000000000000000000e+02, 5.26799999999999997158e+01, 5.23359000000000037289e+02, 3.90029999999999972715e+02, 2019/5/7/14:59, 5.85985315985514716886e+02, 3.73936419685738428598e+02
8.88000000000000000000e+02, 5.26799999999999997158e+01, 5.20339000000000055479e+02, 3.90649999999999977263e+02, 2019/5/7/15:0, 5.85985315985514716886e+02, 3.73936419685738428598e+02
8.82000000000000000000e+02, 5.23699999999999974420e+01, 5.17775999999999953616e+02, 3.90490000000000009095e+02, 2019/5/7/15:1, 5.82164393851453382922e+02, 3.74376843637086153649e+02
8.76000000000000000000e+02, 5.21599999999999965894e+01, 5.17174999999999954525e+02, 3.89910000000000025011e+02, 2019/5/7/15:2, 5.78310990001620211842e+02, 3.74646287479634850115e+02
8.76000000000000000000e+02, 5.22599999999999980105e+01, 5.14769000000000005457e+02, 3.90850000000000022737e+02, 2019/5/7/15:3, 5.78289759832668323725e+02, 3.74468977782208582994e+02
8.70000000000000000000e+02, 5.20499999999999971578e+01, 5.12981999999999970896e+02, 3.90980000000000018190e+02, 2019/5/7/15:4, 5.74415838398449068336e+02, 3.74750817755658431452e+02
8.64000000000000000000e+02, 5.18400000000000034106e+01, 5.11764000000000010004e+02, 3.90790000000000020464e+02, 2019/5/7/15:5, 5.70566131474633039034e+02, 3.75015798300328867754e+02
8.64000000000000000000e+02, 5.17400000000000019895e+01, 5.09783000000000015461e+02, 3.90829999999999984084e+02, 2019/5/7/15:6, 5.70584363922171746708e+02, 3.75194959249515704869e+02
8.64000000000000000000e+02, 5.17400000000000019895e+01, 5.08507999999999981355e+02, 3.90529999999999972715e+02, 2019/5/7/15:7, 5.70584363922171746708e+02, 3.75194959249515704869e+02
8.52000000000000000000e+02, 5.14200000000000017053e+01, 5.04567000000000007276e+02, 3.90050000000000011369e+02, 2019/5/7/15:8, 5.62847690206015045078e+02, 3.75555086927440299860e+02
8.46000000000000000000e+02, 5.12100000000000008527e+01, 5.02122000000000014097e+02, 3.90139999999999986358e+02, 2019/5/7/15:9, 5.58989439715066055214e+02, 3.75822492579907986965e+02
8.46000000000000000000e+02, 5.12100000000000008527e+01, 5.01927999999999997272e+02, 3.89850000000000022737e+02, 2019/5/7/15:10, 5.58989439715066055214e+02, 3.75822492579907986965e+02
8.40000000000000000000e+02, 5.10000000000000000000e+01, 4.97529999999999972715e+02, 3.90250000000000000000e+02, 2019/5/7/15:11, 5.55117653478152192292e+02, 3.76098029862283681268e+02
8.34000000000000000000e+02, 5.07899999999999991473e+01, 4.95189000000000021373e+02, 3.90449999999999988631e+02, 2019/5/7/15:12, 5.51261993715420317130e+02, 3.76361641844032305926e+02
8.28000000000000000000e+02, 5.06799999999999997158e+01, 4.91408000000000015461e+02, 3.90639999999999986358e+02, 2019/5/7/15:13, 5.47369240595532687621e+02, 3.76457772774327054321e+02
8.28000000000000000000e+02, 5.05799999999999982947e+01, 4.90985000000000013642e+02, 3.91500000000000000000e+02, 2019/5/7/15:14, 5.47390522951519074013e+02, 3.76635032516256615054e+02
8.22000000000000000000e+02, 5.02700000000000031264e+01, 4.88451999999999998181e+02, 3.91670000000000015916e+02, 2019/5/7/15:15, 5.43551830579855504766e+02, 3.77076435754004364753e+02
8.22000000000000000000e+02, 5.01700000000000017053e+01, 4.87351999999999975444e+02, 3.92649999999999977263e+02, 2019/5/7/15:16, 5.43577132406468422232e+02, 3.77250799034886938443e+02
8.22000000000000000000e+02, 5.00700000000000002842e+01, 4.87353999999999984993e+02, 3.92730000000000018190e+02, 2019/5/7/15:17, 5.43598270202598882861e+02, 3.77428281801567663933e+02
8.22000000000000000000e+02, 5.00700000000000002842e+01, 4.85028000000000020009e+02, 3.93509999999999990905e+02, 2019/5/7/15:18, 5.43598270202598882861e+02, 3.77428281801567663933e+02
8.16000000000000000000e+02, 4.97599999999999980105e+01, 4.81413999999999987267e+02, 3.93089999999999974989e+02, 2019/5/7/15:19, 5.39753145942236074006e+02, 3.77873177378658283487e+02
8.10000000000000000000e+02, 4.95499999999999971578e+01, 4.78829999999999984084e+02, 3.93069999999999993179e+02, 2019/5/7/15:20, 5.35904062660686463460e+02, 3.78127369284022222473e+02
8.04000000000000000000e+02, 4.93400000000000034106e+01, 4.76189000000000021373e+02, 3.93009999999999990905e+02, 2019/5/7/15:21, 5.32018671348137218047e+02, 3.78406107044604141265e+02
7.92000000000000000000e+02, 4.89200000000000017053e+01, 4.74079999999999984084e+02, 3.92459999999999979536e+02, 2019/5/7/15:22, 5.24286465064648382395e+02, 3.78933065760344163664e+02
7.86000000000000000000e+02, 4.87100000000000008527e+01, 4.71610000000000013642e+02, 3.92680000000000006821e+02, 2019/5/7/15:23, 5.20414246108999805074e+02, 3.79199084210679473017e+02
7.80000000000000000000e+02, 4.86000000000000014211e+01, 4.68999000000000023647e+02, 3.92259999999999990905e+02, 2019/5/7/15:24, 5.16513781234004227372e+02, 3.79291899396675489697e+02
7.74000000000000000000e+02, 4.83900000000000005684e+01, 4.64771000000000015007e+02, 3.93970000000000027285e+02, 2019/5/7/15:25, 5.12645451880119480847e+02, 3.79552879287529151497e+02
7.74000000000000000000e+02, 4.83900000000000005684e+01, 4.65502000000000009550e+02, 3.92740000000000009095e+02, 2019/5/7/15:26, 5.12645451880119480847e+02, 3.79552879287529151497e+02
7.74000000000000000000e+02, 4.84900000000000019895e+01, 4.64865000000000009095e+02, 3.91949999999999988631e+02, 2019/5/7/15:27, 5.12625263289247072862e+02, 3.79374884166669062324e+02
7.68000000000000000000e+02, 4.82800000000000011369e+01, 4.61557000000000016371e+02, 3.92370000000000004547e+02, 2019/5/7/15:28, 5.08739240571165055371e+02, 3.79647637908359513403e+02
7.74000000000000000000e+02, 4.84900000000000019895e+01, 4.59735000000000013642e+02, 3.92899999999999977263e+02, 2019/5/7/15:29, 5.12625263289247072862e+02, 3.79374884166669062324e+02
7.62000000000000000000e+02, 4.81700000000000017053e+01, 4.56922000000000025466e+02, 3.92709999999999979536e+02, 2019/5/7/15:30, 5.04848041800067676377e+02, 3.79730142582067912826e+02
7.50000000000000000000e+02, 4.77500000000000000000e+01, 4.53225000000000022737e+02, 3.93180000000000006821e+02, 2019/5/7/15:31, 4.97106923618143525800e+02, 3.80246787426690445955e+02
7.50000000000000000000e+02, 4.77500000000000000000e+01, 4.51071000000000026375e+02, 3.93180000000000006821e+02, 2019/5/7/15:32, 4.97106923618143525800e+02, 3.80246787426690445955e+02
7.50000000000000000000e+02, 4.76499999999999985789e+01, 4.48901000000000010459e+02, 3.94449999999999988631e+02, 2019/5/7/15:33, 4.97114503517960770296e+02, 3.80434152132050712680e+02
7.44000000000000000000e+02, 4.73400000000000034106e+01, 4.46752000000000009550e+02, 3.94329999999999984084e+02, 2019/5/7/15:34, 4.93265809741466853211e+02, 3.80867178768548399148e+02
7.38000000000000000000e+02, 4.70300000000000011369e+01, 4.43456000000000017280e+02, 3.94410000000000025011e+02, 2019/5/7/15:35, 4.89400331653823343458e+02, 3.81312047818133862620e+02
7.38000000000000000000e+02, 4.70300000000000011369e+01, 4.41283999999999991815e+02, 3.94569999999999993179e+02, 2019/5/7/15:36, 4.89400331653823343458e+02, 3.81312047818133862620e+02
7.32000000000000000000e+02, 4.68200000000000002842e+01, 4.38211999999999989086e+02, 3.95699999999999988631e+02, 2019/5/7/15:37, 4.85522529448611237513e+02, 3.81571267048044262538e+02
7.26000000000000000000e+02, 4.65099999999999980105e+01, 4.36541999999999973170e+02, 3.95189999999999997726e+02, 2019/5/7/15:38, 4.81674218276261967731e+02, 3.82000064109000675217e+02
7.20000000000000000000e+02, 4.62999999999999971578e+01, 4.33029999999999972715e+02, 3.95360000000000013642e+02, 2019/5/7/15:39, 4.77783058907432575779e+02, 3.82267112795922571422e+02
7.14000000000000000000e+02, 4.59900000000000019895e+01, 4.30730999999999994543e+02, 3.94839999999999974989e+02, 2019/5/7/15:40, 4.73881409493992862281e+02, 3.82736228750263876464e+02
7.14000000000000000000e+02, 4.60900000000000034106e+01, 4.29355999999999994543e+02, 3.95709999999999979536e+02, 2019/5/7/15:41, 4.73896086300020215276e+02, 3.82529699652208307725e+02
7.08000000000000000000e+02, 4.59799999999999968736e+01, 4.26538999999999987267e+02, 3.95790000000000020464e+02, 2019/5/7/15:42, 4.69985529940434673790e+02, 3.82615987490455495390e+02
7.02000000000000000000e+02, 4.57700000000000031264e+01, 4.24017999999999972260e+02, 3.94230000000000018190e+02, 2019/5/7/15:43, 4.66105909926001686472e+02, 3.82869847022755891430e+02
6.96000000000000000000e+02, 4.56599999999999965894e+01, 4.20423999999999978172e+02, 3.95220000000000027285e+02, 2019/5/7/15:44, 4.63546246808706996489e+02, 3.81573272415332723995e+02
6.90000000000000000000e+02, 4.53500000000000014211e+01, 4.18072000000000002728e+02, 3.95000000000000000000e+02, 2019/5/7/15:45, 4.58326451377284911359e+02, 3.83390435107280154625e+02
6.84000000000000000000e+02, 4.51400000000000005684e+01, 4.16750000000000000000e+02, 3.94209999999999979536e+02, 2019/5/7/15:46, 4.54440587685133550622e+02, 3.83645275852386305360e+02
6.72000000000000000000e+02, 4.48200000000000002842e+01, 4.13610999999999989996e+02, 3.94370000000000004547e+02, 2019/5/7/15:47, 4.46631518889476126333e+02, 3.83988070930771129952e+02
6.72000000000000000000e+02, 4.47199999999999988631e+01, 4.11399999999999977263e+02, 3.94160000000000025011e+02, 2019/5/7/15:48, 4.46652602311378927880e+02, 3.84164927760272973956e+02
6.72000000000000000000e+02, 4.47199999999999988631e+01, 4.09048999999999978172e+02, 3.94620000000000004547e+02, 2019/5/7/15:49, 4.46652602311378927880e+02, 3.84164927760272973956e+02
6.66000000000000000000e+02, 4.43100000000000022737e+01, 4.05067999999999983629e+02, 3.96420000000000015916e+02, 2019/5/7/15:50, 4.42808729469564354986e+02, 3.84770027755273929415e+02
6.66000000000000000000e+02, 4.43100000000000022737e+01, 4.03235000000000013642e+02, 3.97129999999999995453e+02, 2019/5/7/15:51, 4.42808729469564354986e+02, 3.84770027755273929415e+02
6.60000000000000000000e+02, 4.40000000000000000000e+01, 4.00468000000000017735e+02, 3.96800000000000011369e+02, 2019/5/7/15:52, 4.38933753920042363461e+02, 3.85205401779569911014e+02
6.54000000000000000000e+02, 4.37899999999999991473e+01, 4.00069999999999993179e+02, 3.94709999999999979536e+02, 2019/5/7/15:53, 4.35072453362044313963e+02, 3.85431139436708690482e+02
6.54000000000000000000e+02, 4.38900000000000005684e+01, 3.97610999999999989996e+02, 3.95579999999999984084e+02, 2019/5/7/15:54, 4.36183985571925802560e+02, 3.83957620745192400591e+02
6.42000000000000000000e+02, 4.35700000000000002842e+01, 3.94702999999999974534e+02, 3.95709999999999979536e+02, 2019/5/7/15:55, 4.27208869592707628726e+02, 3.85610793231615900822e+02
6.42000000000000000000e+02, 4.35700000000000002842e+01, 3.91884000000000014552e+02, 3.96019999999999981810e+02, 2019/5/7/15:56, 4.27208869592707628726e+02, 3.85610793231615900822e+02
6.36000000000000000000e+02, 4.33599999999999994316e+01, 3.88586000000000012733e+02, 3.96899999999999977263e+02, 2019/5/7/15:57, 4.23301900234895356334e+02, 3.85872677621940738391e+02
6.36000000000000000000e+02, 4.33599999999999994316e+01, 3.86500999999999976353e+02, 3.96529999999999972715e+02, 2019/5/7/15:58, 4.23301900234895356334e+02, 3.85872677621940738391e+02
6.30000000000000000000e+02, 4.30499999999999971578e+01, 3.83882000000000005002e+02, 3.97860000000000013642e+02, 2019/5/7/15:59, 4.19429026057173075515e+02, 3.86298242729048752153e+02
