7.68000000000000000000e+02, 4.52800000000000011369e+01, 4.73567000000000007276e+02, 3.97250000000000000000e+02, 2019/5/7/9:0, 5.09411323617538300823e+02, 3.85092147333199079640e+02
7.74000000000000000000e+02, 4.54900000000000019895e+01, 4.76083000000000026830e+02, 3.97180000000000006821e+02, 2019/5/7/9:1, 5.13299227296493427275e+02, 3.84817536725447268964e+02
7.74000000000000000000e+02, 4.55900000000000034106e+01, 4.77512000000000000455e+02, 3.96790000000000020464e+02, 2019/5/7/9:2, 5.13273228641654327475e+02, 3.84642844586857791001e+02
7.74000000000000000000e+02, 4.55900000000000034106e+01, 4.80485000000000013642e+02, 3.95790000000000020464e+02, 2019/5/7/9:3, 5.13273228641654327475e+02, 3.84642844586857791001e+02
7.80000000000000000000e+02, 4.57999999999999971578e+01, 4.81454000000000007731e+02, 3.95920000000000015916e+02, 2019/5/7/9:4, 5.17153555215748383489e+02, 3.84372932825780935673e+02
7.86000000000000000000e+02, 4.61099999999999994316e+01, 4.83151999999999986812e+02, 3.95939999999999997726e+02, 2019/5/7/9:5, 5.21009083125165489037e+02, 3.83926454597748943343e+02
7.92000000000000000000e+02, 4.63200000000000002842e+01, 4.84812000000000011823e+02, 3.95819999999999993179e+02, 2019/5/7/9:6, 5.24895938310362339507e+02, 3.83649810486036585644e+02
7.92000000000000000000e+02, 4.64200000000000017053e+01, 4.85166999999999973170e+02, 3.95779999999999972715e+02, 2019/5/7/9:7, 5.24856119905430432482e+02, 3.83485216713462705229e+02
7.98000000000000000000e+02, 4.67299999999999968736e+01, 4.85043000000000006366e+02, 3.95720000000000027285e+02, 2019/5/7/9:8, 5.28713561497859473093e+02, 3.83034537786821829286e+02
7.98000000000000000000e+02, 4.67299999999999968736e+01, 4.88598000000000013188e+02, 3.94740000000000009095e+02, 2019/5/7/9:9, 5.28713561497859473093e+02, 3.83034537786821829286e+02
8.10000000000000000000e+02, 4.70499999999999971578e+01, 4.91678999999999973625e+02, 3.95980000000000018190e+02, 2019/5/7/9:10, 5.36482748763103813872e+02, 3.82672981332507902152e+02
8.04000000000000000000e+02, 4.67400000000000019895e+01, 4.94358999999999980446e+02, 3.95730000000000018190e+02, 2019/5/7/9:11, 5.32629509278315481424e+02, 3.83122627436955212943e+02
8.10000000000000000000e+02, 4.69500000000000028422e+01, 4.97673999999999978172e+02, 3.95240000000000009095e+02, 2019/5/7/9:12, 5.36507621795943009602e+02, 3.82849317054971095331e+02
8.16000000000000000000e+02, 4.72599999999999980105e+01, 5.00918999999999982720e+02, 3.94790000000000020464e+02, 2019/5/7/9:13, 5.40351008282054294796e+02, 3.82405700895261645655e+02
8.22000000000000000000e+02, 4.74699999999999988631e+01, 5.01711999999999989086e+02, 3.95250000000000000000e+02, 2019/5/7/9:14, 5.44221354104800525420e+02, 3.82135905659789102629e+02
8.22000000000000000000e+02, 4.74699999999999988631e+01, 5.02639999999999986358e+02, 3.94839999999999974989e+02, 2019/5/7/9:15, 5.44221354104800525420e+02, 3.82135905659789102629e+02
8.28000000000000000000e+02, 4.76799999999999997158e+01, 5.05874000000000023647e+02, 3.95459999999999979536e+02, 2019/5/7/9:16, 5.48092988424528812175e+02, 3.81863462985863236554e+02
8.34000000000000000000e+02, 4.79900000000000019895e+01, 5.07045000000000015916e+02, 3.95889999999999986358e+02, 2019/5/7/9:17, 5.51938704278029604211e+02, 3.81415261571273049412e+02
8.34000000000000000000e+02, 4.79900000000000019895e+01, 5.08742000000000018645e+02, 3.95139999999999986358e+02, 2019/5/7/9:18, 5.51938704278029604211e+02, 3.81415261571273049412e+02
8.40000000000000000000e+02, 4.82000000000000028422e+01, 5.12095000000000027285e+02, 3.94329999999999984084e+02, 2019/5/7/9:19, 5.55815132946357948640e+02, 3.81138357870169784292e+02
8.40000000000000000000e+02, 4.82000000000000028422e+01, 5.12908000000000015461e+02, 3.95069999999999993179e+02, 2019/5/7/9:20, 5.55815132946357948640e+02, 3.81138357870169784292e+02
8.46000000000000000000e+02, 4.84099999999999965894e+01, 5.16633000000000038199e+02, 3.94860000000000013642e+02, 2019/5/7/9:21, 5.59668732804967589800e+02, 3.80875387516022215095e+02
8.52000000000000000000e+02, 4.85200000000000031264e+01, 5.19150999999999953616e+02, 3.95689999999999997726e+02, 2019/5/7/9:22, 5.63561441676112508503e+02, 3.80777322110128636723e+02
8.58000000000000000000e+02, 4.87299999999999968736e+01, 5.20532000000000039108e+02, 3.96279999999999972715e+02, 2019/5/7/9:23, 5.67428460242060396013e+02, 3.80503307460118605832e+02
8.58000000000000000000e+02, 4.87299999999999968736e+01, 5.23232999999999947249e+02, 3.95560000000000002274e+02, 2019/5/7/9:24, 5.67428460242060396013e+02, 3.80503307460118605832e+02
8.64000000000000000000e+02, 4.89399999999999977263e+01, 5.25898000000000024556e+02, 3.95550000000000011369e+02, 2019/5/7/9:25, 5.71291151566408302642e+02, 3.80231255063629987490e+02
8.64000000000000000000e+02, 4.89399999999999977263e+01, 5.26299999999999954525e+02, 3.95699999999999988631e+02, 2019/5/7/9:26, 5.71291151566408302642e+02, 3.80231255063629987490e+02
8.64000000000000000000e+02, 4.90399999999999991473e+01, 5.28062000000000011823e+02, 3.96189999999999997726e+02, 2019/5/7/9:27, 5.71262764375004167050e+02, 3.80057971206482363868e+02
8.70000000000000000000e+02, 4.92500000000000000000e+01, 5.29419999999999959073e+02, 3.96180000000000006821e+02, 2019/5/7/9:28, 5.75126653002354487398e+02, 3.79784149156303101336e+02
8.70000000000000000000e+02, 4.92500000000000000000e+01, 5.32427999999999997272e+02, 3.95769999999999981810e+02, 2019/5/7/9:29, 5.75126653002354487398e+02, 3.79784149156303101336e+02
8.76000000000000000000e+02, 4.95600000000000022737e+01, 5.33456000000000017280e+02, 3.95660000000000025011e+02, 2019/5/7/9:30, 5.78964933791814246433e+02, 3.79333695720748437452e+02
8.82000000000000000000e+02, 4.96700000000000017053e+01, 5.37331000000000017280e+02, 3.94620000000000004547e+02, 2019/5/7/9:31, 5.82845513398285106632e+02, 3.79239556540740693436e+02
8.88000000000000000000e+02, 4.98800000000000025580e+01, 5.39284999999999968168e+02, 3.94569999999999993179e+02, 2019/5/7/9:32, 5.86708962818207737655e+02, 3.78962718081304899442e+02
8.88000000000000000000e+02, 4.98800000000000025580e+01, 5.40303999999999973625e+02, 3.94689999999999997726e+02, 2019/5/7/9:33, 5.86708962818207737655e+02, 3.78962718081304899442e+02
8.88000000000000000000e+02, 4.98800000000000025580e+01, 5.41245999999999980901e+02, 3.95060000000000002274e+02, 2019/5/7/9:34, 5.86708962818207737655e+02, 3.78962718081304899442e+02
8.88000000000000000000e+02, 4.99799999999999968736e+01, 5.44456000000000017280e+02, 3.93459999999999979536e+02, 2019/5/7/9:35, 5.86684353416271051174e+02, 3.78786893373254713424e+02
8.94000000000000000000e+02, 5.02899999999999991473e+01, 5.47807000000000016371e+02, 3.91600000000000022737e+02, 2019/5/7/9:36, 5.90508010388597767815e+02, 3.78343120482740459920e+02
9.06000000000000000000e+02, 5.09099999999999965894e+01, 5.50697000000000002728e+02, 3.91920000000000015916e+02, 2019/5/7/9:37, 5.98176536259068370782e+02, 3.77439274478924630785e+02
9.06000000000000000000e+02, 5.09099999999999965894e+01, 5.49760999999999967258e+02, 3.92180000000000006821e+02, 2019/5/7/9:38, 5.98176536259068370782e+02, 3.77439274478924630785e+02
9.00000000000000000000e+02, 5.07999999999999971578e+01, 5.51216999999999984539e+02, 3.91550000000000011369e+02, 2019/5/7/9:39, 5.94290483940243120742e+02, 3.77541302183081654675e+02
9.00000000000000000000e+02, 5.08999999999999985789e+01, 5.52538999999999987267e+02, 3.91379999999999995453e+02, 2019/5/7/9:40, 5.94267894845508863000e+02, 3.77363861247417446521e+02
9.06000000000000000000e+02, 5.12100000000000008527e+01, 5.55154999999999972715e+02, 3.89319999999999993179e+02, 2019/5/7/9:41, 5.98095895445706560167e+02, 3.76915544405942284811e+02
9.06000000000000000000e+02, 5.13100000000000022737e+01, 5.58057999999999992724e+02, 3.88750000000000000000e+02, 2019/5/7/9:42, 5.98075329740487859453e+02, 3.76736917010377453607e+02
9.12000000000000000000e+02, 5.15200000000000031264e+01, 5.61493000000000051841e+02, 3.88670000000000015916e+02, 2019/5/7/9:43, 6.01929504782765661730e+02, 3.76462389186719633472e+02
9.12000000000000000000e+02, 5.14200000000000017053e+01, 5.63188999999999964530e+02, 3.88310000000000002274e+02, 2019/5/7/9:44, 6.01953037145951043385e+02, 3.76639140632832834399e+02
9.12000000000000000000e+02, 5.15200000000000031264e+01, 5.65335000000000036380e+02, 3.88720000000000027285e+02, 2019/5/7/9:45, 6.01929504782765661730e+02, 3.76462389186719633472e+02
9.18000000000000000000e+02, 5.16300000000000025580e+01, 5.68131999999999948159e+02, 3.87990000000000009095e+02, 2019/5/7/9:46, 6.05807267053750024388e+02, 3.76363690176286411315e+02
9.18000000000000000000e+02, 5.14299999999999997158e+01, 5.69455000000000040927e+02, 3.88689999999999997726e+02, 2019/5/7/9:47, 6.05869509563039741806e+02, 3.76707453466508070505e+02
9.18000000000000000000e+02, 5.14299999999999997158e+01, 5.70611999999999966349e+02, 3.89209999999999979536e+02, 2019/5/7/9:48, 6.05869509563039741806e+02, 3.76707453466508070505e+02
9.24000000000000000000e+02, 5.15399999999999991473e+01, 5.72426000000000044565e+02, 3.88680000000000006821e+02, 2019/5/7/9:49, 6.09740089089207799589e+02, 3.76612493077878696113e+02
9.18000000000000000000e+02, 5.13299999999999982947e+01, 5.72541000000000053660e+02, 3.88170000000000015916e+02, 2019/5/7/9:50, 6.05885468072684943763e+02, 3.76889020572609013016e+02
9.24000000000000000000e+02, 5.15399999999999991473e+01, 5.75759999999999990905e+02, 3.86290000000000020464e+02, 2019/5/7/9:51, 6.09740089089207799589e+02, 3.76612493077878696113e+02
9.30000000000000000000e+02, 5.19500000000000028422e+01, 5.76399999999999977263e+02, 3.87629999999999995453e+02, 2019/5/7/9:52, 6.13540301692935599931e+02, 3.75986329479365679163e+02
9.30000000000000000000e+02, 5.19500000000000028422e+01, 5.78501999999999952706e+02, 3.87240000000000009095e+02, 2019/5/7/9:53, 6.13540301692935599931e+02, 3.75986329479365679163e+02
9.36000000000000000000e+02, 5.22599999999999980105e+01, 5.84671000000000049113e+02, 3.85629999999999995453e+02, 2019/5/7/9:54, 6.17372815329878221746e+02, 3.75530782674415604561e+02
9.36000000000000000000e+02, 5.23599999999999994316e+01, 5.81230000000000018190e+02, 3.86829999999999984084e+02, 2019/5/7/9:55, 6.17332540113515733537e+02, 3.75364224126223462008e+02
9.42000000000000000000e+02, 5.25700000000000002842e+01, 5.90830000000000040927e+02, 3.82550000000000011369e+02, 2019/5/7/9:56, 6.21182862711859684168e+02, 3.75087655994139595350e+02
9.42000000000000000000e+02, 5.26700000000000017053e+01, 5.91500000000000000000e+02, 3.83759999999999990905e+02, 2019/5/7/9:57, 6.21157219536876482380e+02, 3.74912231252955280070e+02
9.42000000000000000000e+02, 5.26700000000000017053e+01, 5.92594000000000050932e+02, 3.82610000000000013642e+02, 2019/5/7/9:58, 6.21157219536876482380e+02, 3.74912231252955280070e+02
9.42000000000000000000e+02, 5.26700000000000017053e+01, 5.94477999999999951797e+02, 3.81420000000000015916e+02, 2019/5/7/9:59, 6.21157219536876482380e+02, 3.74912231252955280070e+02
9.42000000000000000000e+02, 5.27700000000000031264e+01, 5.98371999999999957254e+02, 3.79720000000000027285e+02, 2019/5/7/10:0, 6.21129356479317038975e+02, 3.74738495866253231270e+02
9.48000000000000000000e+02, 5.30799999999999982947e+01, 5.95464000000000055479e+02, 3.83990000000000009095e+02, 2019/5/7/10:1, 6.24948076958664159974e+02, 3.74289238120533752863e+02
9.48000000000000000000e+02, 5.30799999999999982947e+01, 5.96605000000000018190e+02, 3.83290000000000020464e+02, 2019/5/7/10:2, 6.24948076958664159974e+02, 3.74289238120533752863e+02
9.48000000000000000000e+02, 5.29799999999999968736e+01, 5.97408999999999991815e+02, 3.82980000000000018190e+02, 2019/5/7/10:3, 6.24976904300733622222e+02, 3.74462400284251543781e+02
9.42000000000000000000e+02, 5.27700000000000031264e+01, 5.96673999999999978172e+02, 3.82980000000000018190e+02, 2019/5/7/10:4, 6.21129356479317038975e+02, 3.74738495866253231270e+02
9.48000000000000000000e+02, 5.30799999999999982947e+01, 5.99260999999999967258e+02, 3.83730000000000018190e+02, 2019/5/7/10:5, 6.24948076958664159974e+02, 3.74289238120533752863e+02
9.54000000000000000000e+02, 5.32899999999999991473e+01, 6.05217999999999960892e+02, 3.81470000000000027285e+02, 2019/5/7/10:6, 6.28800121506301366026e+02, 3.74009605384453436727e+02
9.48000000000000000000e+02, 5.30799999999999982947e+01, 6.06251999999999952706e+02, 3.80389999999999986358e+02, 2019/5/7/10:7, 6.24948076958664159974e+02, 3.74289238120533752863e+02
9.54000000000000000000e+02, 5.33900000000000005684e+01, 6.08985999999999989996e+02, 3.80079999999999984084e+02, 2019/5/7/10:8, 6.28766523406252758832e+02, 3.73839271038420406512e+02
9.60000000000000000000e+02, 5.37000000000000028422e+01, 6.11923000000000001819e+02, 3.78889999999999986358e+02, 2019/5/7/10:9, 6.32586566519867687930e+02, 3.73387497248079796464e+02
9.60000000000000000000e+02, 5.37000000000000028422e+01, 6.12038000000000010914e+02, 3.80949999999999988631e+02, 2019/5/7/10:10, 6.32586566519867687930e+02, 3.73387497248079796464e+02
9.66000000000000000000e+02, 5.38100000000000022737e+01, 6.11519999999999981810e+02, 3.82149999999999977263e+02, 2019/5/7/10:11, 6.36461320200301315708e+02, 3.73283253654326415472e+02
9.60000000000000000000e+02, 5.35000000000000000000e+01, 6.10837999999999965439e+02, 3.82129999999999995453e+02, 2019/5/7/10:12, 6.32645779742438321591e+02, 3.73733220974229880085e+02
9.60000000000000000000e+02, 5.33999999999999985789e+01, 6.13672000000000025466e+02, 3.81050000000000011369e+02, 2019/5/7/10:13, 6.32670779570972513284e+02, 3.73908977626356943347e+02
9.66000000000000000000e+02, 5.36099999999999994316e+01, 6.27746999999999957254e+02, 3.73430000000000006821e+02, 2019/5/7/10:14, 6.36511066042484912941e+02, 3.73634905319397091716e+02
9.72000000000000000000e+02, 5.38200000000000002842e+01, 6.30258000000000038199e+02, 3.72970000000000027285e+02, 2019/5/7/10:15, 6.40361645630737143620e+02, 3.73353700179894133271e+02
9.78000000000000000000e+02, 5.38299999999999982947e+01, 6.29265999999999962711e+02, 3.77199999999999988631e+02, 2019/5/7/10:16, 6.44260032402496221948e+02, 3.73424647412990225348e+02
9.72000000000000000000e+02, 5.38200000000000002842e+01, 6.31802000000000020918e+02, 3.76500000000000000000e+02, 2019/5/7/10:17, 6.40361645630737143620e+02, 3.73353700179894133271e+02
9.66000000000000000000e+02, 5.38100000000000022737e+01, 6.29125000000000000000e+02, 3.76519999999999981810e+02, 2019/5/7/10:18, 6.36461320200301315708e+02, 3.73283253654326415472e+02
9.66000000000000000000e+02, 5.40099999999999980105e+01, 6.29047000000000025466e+02, 3.77120000000000004547e+02, 2019/5/7/10:19, 6.36400925118586656026e+02, 3.72938214940613306680e+02
9.72000000000000000000e+02, 5.44200000000000017053e+01, 6.26086999999999989086e+02, 3.80149999999999977263e+02, 2019/5/7/10:20, 6.40189986228195721196e+02, 3.72312619970000696412e+02
9.78000000000000000000e+02, 5.46300000000000025580e+01, 6.30899999999999977263e+02, 3.79199999999999988631e+02, 2019/5/7/10:21, 6.44036550203912156576e+02, 3.72032859206070043001e+02
9.90000000000000000000e+02, 5.49500000000000028422e+01, 6.31288999999999987267e+02, 3.80579999999999984084e+02, 2019/5/7/10:22, 6.51741699693886630484e+02, 3.71654177766602401789e+02
9.84000000000000000000e+02, 5.45399999999999991473e+01, 6.28609000000000037289e+02, 3.82709999999999979536e+02, 2019/5/7/10:23, 6.47958459835644475788e+02, 3.72279062955998995221e+02
9.84000000000000000000e+02, 5.44399999999999977263e+01, 6.30850999999999999091e+02, 3.81250000000000000000e+02, 2019/5/7/10:24, 6.47981255319987326402e+02, 3.72456044422027446217e+02
9.78000000000000000000e+02, 5.43299999999999982947e+01, 6.32278000000000020009e+02, 3.80610000000000013642e+02, 2019/5/7/10:25, 6.44122591347041066001e+02, 3.72553213026290848120e+02
9.84000000000000000000e+02, 5.45399999999999991473e+01, 6.36883000000000038199e+02, 3.79250000000000000000e+02, 2019/5/7/10:26, 6.47958459835644475788e+02, 3.72279062955998995221e+02
9.84000000000000000000e+02, 5.45399999999999991473e+01, 6.37376999999999952706e+02, 3.80610000000000013642e+02, 2019/5/7/10:27, 6.47958459835644475788e+02, 3.72279062955998995221e+02
9.96000000000000000000e+02, 5.48599999999999994316e+01, 6.41409999999999968168e+02, 3.80040000000000020464e+02, 2019/5/7/10:28, 6.55672395248445582183e+02, 3.71893801832735164226e+02
9.90000000000000000000e+02, 5.46499999999999985789e+01, 6.44769999999999981810e+02, 3.77779999999999972715e+02, 2019/5/7/10:29, 6.51829869733536270360e+02, 3.72173567426135662117e+02
9.90000000000000000000e+02, 5.46499999999999985789e+01, 6.43964000000000055479e+02, 3.79800000000000011369e+02, 2019/5/7/10:30, 6.51829869733536270360e+02, 3.72173567426135662117e+02
9.90000000000000000000e+02, 5.46499999999999985789e+01, 6.46893000000000029104e+02, 3.76569999999999993179e+02, 2019/5/7/10:31, 6.51829869733536270360e+02, 3.72173567426135662117e+02
9.90000000000000000000e+02, 5.47500000000000000000e+01, 6.48403999999999996362e+02, 3.76149999999999977263e+02, 2019/5/7/10:32, 6.51803646534242943744e+02, 3.71998548976528525145e+02
9.90000000000000000000e+02, 5.48500000000000014211e+01, 6.46048000000000001819e+02, 3.78810000000000002274e+02, 2019/5/7/10:33, 6.51761660306976295942e+02, 3.71832712011182877632e+02
9.90000000000000000000e+02, 5.48500000000000014211e+01, 6.50859000000000037289e+02, 3.75259999999999990905e+02, 2019/5/7/10:34, 6.51761660306976295942e+02, 3.71832712011182877632e+02
9.90000000000000000000e+02, 5.48500000000000014211e+01, 6.46241999999999961801e+02, 3.78100000000000022737e+02, 2019/5/7/10:35, 6.51761660306976295942e+02, 3.71832712011182877632e+02
9.90000000000000000000e+02, 5.49500000000000028422e+01, 6.55582999999999969987e+02, 3.72490000000000009095e+02, 2019/5/7/10:36, 6.51741699693886630484e+02, 3.71654177766602401789e+02
9.90000000000000000000e+02, 5.51499999999999985789e+01, 6.56666000000000053660e+02, 3.71430000000000006821e+02, 2019/5/7/10:37, 6.51703471995218819757e+02, 3.71296251140449896866e+02
9.96000000000000000000e+02, 5.53599999999999994316e+01, 6.51708999999999946340e+02, 3.77050000000000011369e+02, 2019/5/7/10:38, 6.55535759761904728293e+02, 3.71022400593738268526e+02
9.90000000000000000000e+02, 5.48500000000000014211e+01, 6.53812000000000011823e+02, 3.75720000000000027285e+02, 2019/5/7/10:39, 6.51761660306976295942e+02, 3.71832712011182877632e+02
9.90000000000000000000e+02, 5.47500000000000000000e+01, 6.54346999999999979991e+02, 3.75670000000000015916e+02, 2019/5/7/10:40, 6.51803646534242943744e+02, 3.71998548976528525145e+02
9.90000000000000000000e+02, 5.49500000000000028422e+01, 6.60014000000000010004e+02, 3.74009999999999990905e+02, 2019/5/7/10:41, 6.51741699693886630484e+02, 3.71654177766602401789e+02
9.90000000000000000000e+02, 5.51499999999999985789e+01, 6.58950000000000045475e+02, 3.75490000000000009095e+02, 2019/5/7/10:42, 6.51703471995218819757e+02, 3.71296251140449896866e+02
9.90000000000000000000e+02, 5.52500000000000000000e+01, 6.64124000000000023647e+02, 3.71649999999999977263e+02, 2019/5/7/10:43, 6.51654059590030897198e+02, 3.71134732745738176618e+02
9.90000000000000000000e+02, 5.52500000000000000000e+01, 6.61649000000000000909e+02, 3.72180000000000006821e+02, 2019/5/7/10:44, 6.51654059590030897198e+02, 3.71134732745738176618e+02
9.90000000000000000000e+02, 5.52500000000000000000e+01, 6.62591000000000008185e+02, 3.71759999999999990905e+02, 2019/5/7/10:45, 6.51654059590030897198e+02, 3.71134732745738176618e+02
9.90000000000000000000e+02, 5.52500000000000000000e+01, 6.65509999999999990905e+02, 3.70410000000000025011e+02, 2019/5/7/10:46, 6.51654059590030897198e+02, 3.71134732745738176618e+02
9.96000000000000000000e+02, 5.54600000000000008527e+01, 6.63222999999999956344e+02, 3.72990000000000009095e+02, 2019/5/7/10:47, 6.55493055227933382412e+02, 3.70856808413288035808e+02
9.90000000000000000000e+02, 5.53500000000000014211e+01, 6.64767000000000052751e+02, 3.72509999999999990905e+02, 2019/5/7/10:48, 6.51626931165210180552e+02, 3.70960408106629529357e+02
9.96000000000000000000e+02, 5.55600000000000022737e+01, 6.63756999999999948159e+02, 3.73100000000000022737e+02, 2019/5/7/10:49, 6.55470119449061485284e+02, 3.70680098250023888795e+02
9.96000000000000000000e+02, 5.55600000000000022737e+01, 6.67091999999999984539e+02, 3.71670000000000015916e+02, 2019/5/7/10:50, 6.55470119449061485284e+02, 3.70680098250023888795e+02
9.96000000000000000000e+02, 5.55600000000000022737e+01, 6.68028000000000020009e+02, 3.72240000000000009095e+02, 2019/5/7/10:51, 6.55470119449061485284e+02, 3.70680098250023888795e+02
9.96000000000000000000e+02, 5.56599999999999965894e+01, 6.75589000000000055479e+02, 3.66930000000000006821e+02, 2019/5/7/10:52, 6.55439576647822946143e+02, 3.70507721153924592272e+02
9.90000000000000000000e+02, 5.54500000000000028422e+01, 6.75072000000000002728e+02, 3.67649999999999977263e+02, 2019/5/7/10:53, 6.51600029832450672984e+02, 3.70785985483667559492e+02
9.84000000000000000000e+02, 5.52400000000000019895e+01, 6.71193999999999959982e+02, 3.69589999999999974989e+02, 2019/5/7/10:54, 6.47761034780134423272e+02, 3.71063122801875806545e+02
9.84000000000000000000e+02, 5.52400000000000019895e+01, 6.71712999999999965439e+02, 3.68899999999999977263e+02, 2019/5/7/10:55, 6.47761034780134423272e+02, 3.71063122801875806545e+02
9.84000000000000000000e+02, 5.53400000000000034106e+01, 6.68458999999999946340e+02, 3.70540000000000020464e+02, 2019/5/7/10:56, 6.47732969576748587315e+02, 3.70889411650028193890e+02
9.96000000000000000000e+02, 5.59600000000000008527e+01, 6.75139000000000010004e+02, 3.67949999999999988631e+02, 2019/5/7/10:57, 6.55358889422956053750e+02, 3.69984684181398961300e+02
1.00200000000000000000e+03, 5.60700000000000002842e+01, 6.74748000000000047294e+02, 3.70930000000000006821e+02, 2019/5/7/10:58, 6.59216006938307145901e+02, 3.69885158284239537352e+02
9.96000000000000000000e+02, 5.58599999999999994316e+01, 6.80730999999999994543e+02, 3.66079999999999984084e+02, 2019/5/7/10:59, 6.55379084039106828641e+02, 3.70162819747562537032e+02
9.90000000000000000000e+02, 5.56499999999999985789e+01, 6.78851999999999975444e+02, 3.67120000000000004547e+02, 2019/5/7/11:0, 6.51545298068368424538e+02, 3.70437878399431610887e+02
9.90000000000000000000e+02, 5.56499999999999985789e+01, 6.76990000000000009095e+02, 3.68000000000000000000e+02, 2019/5/7/11:1, 6.51545298068368424538e+02, 3.70437878399431610887e+02
9.90000000000000000000e+02, 5.57500000000000000000e+01, 6.82440000000000054570e+02, 3.64680000000000006821e+02, 2019/5/7/11:2, 6.51507294267642350860e+02, 3.70269853312616248786e+02
9.90000000000000000000e+02, 5.58500000000000014211e+01, 6.78457999999999969987e+02, 3.68980000000000018190e+02, 2019/5/7/11:3, 6.51485582173682018947e+02, 3.70092598334218791933e+02
9.96000000000000000000e+02, 5.61599999999999965894e+01, 6.78312000000000011823e+02, 3.69319999999999993179e+02, 2019/5/7/11:4, 6.55298228228623997893e+02, 3.69639943514726837748e+02
9.96000000000000000000e+02, 5.61599999999999965894e+01, 6.77657000000000039108e+02, 3.71000000000000000000e+02, 2019/5/7/11:5, 6.55298228228623997893e+02, 3.69639943514726837748e+02
9.90000000000000000000e+02, 5.59500000000000028422e+01, 6.79947999999999979082e+02, 3.69970000000000027285e+02, 2019/5/7/11:6, 6.51458965402950070711e+02, 3.69918162769294156078e+02
9.96000000000000000000e+02, 5.62599999999999980105e+01, 6.82277000000000043656e+02, 3.68199999999999988631e+02, 2019/5/7/11:7, 6.55262963393444465510e+02, 3.69470479947677119981e+02
9.96000000000000000000e+02, 5.61599999999999965894e+01, 6.80385999999999967258e+02, 3.69740000000000009095e+02, 2019/5/7/11:8, 6.55298228228623997893e+02, 3.69639943514726837748e+02
1.00200000000000000000e+03, 5.62700000000000031264e+01, 6.81433999999999969077e+02, 3.69480000000000018190e+02, 2019/5/7/11:9, 6.59163295095418106939e+02, 3.69535844497767129724e+02
1.00200000000000000000e+03, 5.60700000000000002842e+01, 6.84370999999999980901e+02, 3.68209999999999979536e+02, 2019/5/7/11:10, 6.59216006938307145901e+02, 3.69885158284239537352e+02
1.00200000000000000000e+03, 5.60700000000000002842e+01, 6.89474000000000046384e+02, 3.66180000000000006821e+02, 2019/5/7/11:11, 6.59216006938307145901e+02, 3.69885158284239537352e+02
1.00800000000000000000e+03, 5.62800000000000011369e+01, 6.84678999999999973625e+02, 3.70500000000000000000e+02, 2019/5/7/11:12, 6.63057597827846279870e+02, 3.69604087890290145424e+02
1.00800000000000000000e+03, 5.62800000000000011369e+01, 6.89469000000000050932e+02, 3.68449999999999988631e+02, 2019/5/7/11:13, 6.63057597827846279870e+02, 3.69604087890290145424e+02
1.01400000000000000000e+03, 5.64900000000000019895e+01, 6.96177999999999997272e+02, 3.66040000000000020464e+02, 2019/5/7/11:14, 6.66892444710035192657e+02, 3.69325989610685837761e+02
1.01400000000000000000e+03, 5.64900000000000019895e+01, 6.93341999999999984539e+02, 3.67459999999999979536e+02, 2019/5/7/11:15, 6.66892444710035192657e+02, 3.69325989610685837761e+02
1.00800000000000000000e+03, 5.62800000000000011369e+01, 6.87798999999999978172e+02, 3.70529999999999972715e+02, 2019/5/7/11:16, 6.63057597827846279870e+02, 3.69604087890290145424e+02
1.01400000000000000000e+03, 5.64900000000000019895e+01, 6.90160999999999944521e+02, 3.68430000000000006821e+02, 2019/5/7/11:17, 6.66892444710035192657e+02, 3.69325989610685837761e+02
1.01400000000000000000e+03, 5.63900000000000005684e+01, 6.93662000000000034561e+02, 3.67290000000000020464e+02, 2019/5/7/11:18, 6.66916599180635216726e+02, 3.69501936857676696491e+02
1.01400000000000000000e+03, 5.63900000000000005684e+01, 7.00951000000000021828e+02, 3.63230000000000018190e+02, 2019/5/7/11:19, 6.66916599180635216726e+02, 3.69501936857676696491e+02
1.00800000000000000000e+03, 5.61799999999999997158e+01, 6.98427000000000020918e+02, 3.64920000000000015916e+02, 2019/5/7/11:20, 6.63081081731692506764e+02, 3.69780403772542285878e+02
1.01400000000000000000e+03, 5.64900000000000019895e+01, 6.95527000000000043656e+02, 3.68560000000000002274e+02, 2019/5/7/11:21, 6.66892444710035192657e+02, 3.69325989610685837761e+02
1.02000000000000000000e+03, 5.68999999999999985789e+01, 6.97500000000000000000e+02, 3.68029999999999972715e+02, 2019/5/7/11:22, 6.70665715321058769405e+02, 3.68702568907832073819e+02
1.01400000000000000000e+03, 5.66899999999999977263e+01, 6.98272000000000048203e+02, 3.68459999999999979536e+02, 2019/5/7/11:23, 6.66834765095680268132e+02, 3.68979371596509622577e+02
1.02000000000000000000e+03, 5.67000000000000028422e+01, 6.98307000000000016371e+02, 3.69459999999999979536e+02, 2019/5/7/11:24, 6.70726128485572189675e+02, 3.69047730021917516297e+02
1.02600000000000000000e+03, 5.68100000000000022737e+01, 6.99145999999999958163e+02, 3.70959999999999979536e+02, 2019/5/7/11:25, 6.74587063858364217594e+02, 3.68942938306048858976e+02
1.02600000000000000000e+03, 5.67100000000000008527e+01, 6.72207999999999969987e+02, 3.85870000000000004547e+02, 2019/5/7/11:26, 6.74612564929964491967e+02, 3.69118191582589815880e+02
1.02000000000000000000e+03, 5.65000000000000000000e+01, 6.70458999999999946340e+02, 3.87170000000000015916e+02, 2019/5/7/11:27, 6.70775768775684582579e+02, 3.69398934648767578892e+02
1.02000000000000000000e+03, 5.65000000000000000000e+01, 6.65893000000000029104e+02, 3.88939999999999997726e+02, 2019/5/7/11:28, 6.70775768775684582579e+02, 3.69398934648767578892e+02
1.01400000000000000000e+03, 5.63900000000000005684e+01, 6.64551000000000044565e+02, 3.88889999999999986358e+02, 2019/5/7/11:29, 6.66916599180635216726e+02, 3.69501936857676696491e+02
1.02000000000000000000e+03, 5.67000000000000028422e+01, 6.64990000000000009095e+02, 3.88730000000000018190e+02, 2019/5/7/11:30, 6.70726128485572189675e+02, 3.69047730021917516297e+02
1.01400000000000000000e+03, 5.65900000000000034106e+01, 6.63410999999999944521e+02, 3.88920000000000015916e+02, 2019/5/7/11:31, 6.66863896528010855036e+02, 3.69152504707149830665e+02
1.01400000000000000000e+03, 5.64900000000000019895e+01, 6.62326000000000021828e+02, 3.88670000000000015916e+02, 2019/5/7/11:32, 6.66892444710035192657e+02, 3.69325989610685837761e+02
1.01400000000000000000e+03, 5.63900000000000005684e+01, 6.66888000000000033651e+02, 3.86149999999999977263e+02, 2019/5/7/11:33, 6.66916599180635216726e+02, 3.69501936857676696491e+02
1.01400000000000000000e+03, 5.65900000000000034106e+01, 6.67133000000000038199e+02, 3.85990000000000009095e+02, 2019/5/7/11:34, 6.66863896528010855036e+02, 3.69152504707149830665e+02
1.01400000000000000000e+03, 5.66899999999999977263e+01, 6.70998000000000047294e+02, 3.84100000000000022737e+02, 2019/5/7/11:35, 6.66834765095680268132e+02, 3.68979371596509622577e+02
1.01400000000000000000e+03, 5.66899999999999977263e+01, 6.71518000000000029104e+02, 3.83879999999999995453e+02, 2019/5/7/11:36, 6.66834765095680268132e+02, 3.68979371596509622577e+02
1.01400000000000000000e+03, 5.67899999999999991473e+01, 6.72149000000000000909e+02, 3.83699999999999988631e+02, 2019/5/7/11:37, 6.66795306674482844755e+02, 3.68812015903533563232e+02
1.00800000000000000000e+03, 5.67800000000000011369e+01, 6.71196000000000026375e+02, 3.83889999999999986358e+02, 2019/5/7/11:38, 6.62908967537183912100e+02, 3.68740382037461699838e+02
1.00800000000000000000e+03, 5.68800000000000025580e+01, 6.73423000000000001819e+02, 3.83850000000000022737e+02, 2019/5/7/11:39, 6.62882354439870368878e+02, 3.68565980278583083418e+02
1.00800000000000000000e+03, 5.68800000000000025580e+01, 6.71381999999999948159e+02, 3.83660000000000025011e+02, 2019/5/7/11:40, 6.62882354439870368878e+02, 3.68565980278583083418e+02
1.00200000000000000000e+03, 5.67700000000000031264e+01, 6.75876999999999952706e+02, 3.80360000000000013642e+02, 2019/5/7/11:41, 6.59017733967929643768e+02, 3.68670845476033377963e+02
1.00200000000000000000e+03, 5.68699999999999974420e+01, 6.85624000000000023647e+02, 3.75139999999999986358e+02, 2019/5/7/11:42, 6.58985325085708041115e+02, 3.68499805818266565893e+02
1.00800000000000000000e+03, 5.70799999999999982947e+01, 6.93163000000000010914e+02, 3.72519999999999981810e+02, 2019/5/7/11:43, 6.62813585922204310918e+02, 3.68225928578254922741e+02
1.00800000000000000000e+03, 5.68800000000000025580e+01, 6.94051000000000044565e+02, 3.72470000000000027285e+02, 2019/5/7/11:44, 6.62882354439870368878e+02, 3.68565980278583083418e+02
1.01400000000000000000e+03, 5.70900000000000034106e+01, 6.95423999999999978172e+02, 3.72439999999999997726e+02, 2019/5/7/11:45, 6.66715843173510961606e+02, 3.68288466546067581930e+02
1.01400000000000000000e+03, 5.71899999999999977263e+01, 6.95219000000000050932e+02, 3.72379999999999995453e+02, 2019/5/7/11:46, 6.66688065025498190153e+02, 3.68114720567097890580e+02
1.01400000000000000000e+03, 5.72899999999999991473e+01, 6.93760999999999967258e+02, 3.73470000000000027285e+02, 2019/5/7/11:47, 6.66653102474401066502e+02, 3.67944984019496757810e+02
1.01400000000000000000e+03, 5.72899999999999991473e+01, 6.85509000000000014552e+02, 3.77759999999999990905e+02, 2019/5/7/11:48, 6.66653102474401066502e+02, 3.67944984019496757810e+02
1.01400000000000000000e+03, 5.72899999999999991473e+01, 6.85938999999999964530e+02, 3.77860000000000013642e+02, 2019/5/7/11:49, 6.66653102474401066502e+02, 3.67944984019496757810e+02
1.00800000000000000000e+03, 5.69799999999999968736e+01, 6.84366999999999961801e+02, 3.77769999999999981810e+02, 2019/5/7/11:50, 6.62843079546941112312e+02, 3.68398680188773369082e+02
1.00800000000000000000e+03, 5.70799999999999982947e+01, 6.82865000000000009095e+02, 3.77800000000000011369e+02, 2019/5/7/11:51, 6.62813585922204310918e+02, 3.68225928578254922741e+02
1.00800000000000000000e+03, 5.71799999999999997158e+01, 6.84158999999999991815e+02, 3.76139999999999986358e+02, 2019/5/7/11:52, 6.62792416886222667927e+02, 3.68048584650276609409e+02
1.00800000000000000000e+03, 5.71799999999999997158e+01, 6.84562000000000011823e+02, 3.75670000000000015916e+02, 2019/5/7/11:53, 6.62792416886222667927e+02, 3.68048584650276609409e+02
1.00800000000000000000e+03, 5.71799999999999997158e+01, 6.85836999999999989086e+02, 3.74689999999999997726e+02, 2019/5/7/11:54, 6.62792416886222667927e+02, 3.68048584650276609409e+02
1.00800000000000000000e+03, 5.72800000000000011369e+01, 6.98282000000000039108e+02, 3.67860000000000013642e+02, 2019/5/7/11:55, 6.62764355143577631679e+02, 3.67875093816373578193e+02
1.00800000000000000000e+03, 5.73800000000000025580e+01, 7.10808999999999969077e+02, 3.60420000000000015916e+02, 2019/5/7/11:56, 6.62733386604596944380e+02, 3.67703245832374875590e+02
1.01400000000000000000e+03, 5.76899999999999977263e+01, 7.02738000000000056389e+02, 3.65730000000000018190e+02, 2019/5/7/11:57, 6.66362223248777127083e+02, 3.67349457424699949115e+02
1.01400000000000000000e+03, 5.75900000000000034106e+01, 7.09111999999999966349e+02, 3.61500000000000000000e+02, 2019/5/7/11:58, 6.66454176381112915806e+02, 3.67487753242708606649e+02
1.01400000000000000000e+03, 5.73900000000000005684e+01, 7.07634999999999990905e+02, 3.61610000000000013642e+02, 2019/5/7/11:59, 6.66621363225602067359e+02, 3.67773471303562928370e+02
1.02000000000000000000e+03, 5.75000000000000000000e+01, 7.08672000000000025466e+02, 3.63370000000000004547e+02, 2019/5/7/12:0, 6.05261436256131332811e+02, 3.55099711716859360422e+02
1.02600000000000000000e+03, 5.76099999999999994316e+01, 7.10676000000000044565e+02, 3.64319999999999993179e+02, 2019/5/7/12:1, 6.08227224303089883506e+02, 3.55113159262758983914e+02
1.02000000000000000000e+03, 5.73999999999999985789e+01, 7.09365000000000009095e+02, 3.64290000000000020464e+02, 2019/5/7/12:2, 6.05357727086175032127e+02, 3.55232291644754809568e+02
1.01400000000000000000e+03, 5.72899999999999991473e+01, 7.08107999999999947249e+02, 3.64300000000000011369e+02, 2019/5/7/12:3, 6.02313079301031962132e+02, 3.55254154048976374725e+02
1.02000000000000000000e+03, 5.75000000000000000000e+01, 7.08525999999999953616e+02, 3.64269999999999981810e+02, 2019/5/7/12:4, 6.05261436256131332811e+02, 3.55099711716859360422e+02
1.02000000000000000000e+03, 5.77000000000000028422e+01, 7.07640999999999962711e+02, 3.64259999999999990905e+02, 2019/5/7/12:5, 6.05065006683770207019e+02, 3.54836293590065565695e+02
1.02600000000000000000e+03, 5.80099999999999980105e+01, 7.10711999999999989086e+02, 3.64050000000000011369e+02, 2019/5/7/12:6, 6.07829470886912645256e+02, 3.54587325012453618456e+02
1.02600000000000000000e+03, 5.79099999999999965894e+01, 6.88022000000000048203e+02, 3.76850000000000022737e+02, 2019/5/7/12:7, 6.07925724662190305025e+02, 3.54720399823864681821e+02
1.02600000000000000000e+03, 5.78100000000000022737e+01, 6.85123000000000047294e+02, 3.77790000000000020464e+02, 2019/5/7/12:8, 6.08027575041665045319e+02, 3.54850693602838134666e+02
1.02600000000000000000e+03, 5.77100000000000008527e+01, 6.85462999999999965439e+02, 3.77790000000000020464e+02, 2019/5/7/12:9, 6.08133266231179959505e+02, 3.54979021396736357019e+02
1.02600000000000000000e+03, 5.77100000000000008527e+01, 6.84346000000000003638e+02, 3.77850000000000022737e+02, 2019/5/7/12:10, 6.08133266231179959505e+02, 3.54979021396736357019e+02
1.02600000000000000000e+03, 5.76099999999999994316e+01, 6.83857999999999947249e+02, 3.77709999999999979536e+02, 2019/5/7/12:11, 6.08227224303089883506e+02, 3.55113159262758983914e+02
1.02000000000000000000e+03, 5.73999999999999985789e+01, 6.82395999999999958163e+02, 3.77050000000000011369e+02, 2019/5/7/12:12, 6.05357727086175032127e+02, 3.55232291644754809568e+02
1.02000000000000000000e+03, 5.73999999999999985789e+01, 6.90301000000000044565e+02, 3.72079999999999984084e+02, 2019/5/7/12:13, 6.05357727086175032127e+02, 3.55232291644754809568e+02
1.02000000000000000000e+03, 5.75000000000000000000e+01, 7.05145999999999958163e+02, 3.62939999999999997726e+02, 2019/5/7/12:14, 6.05261436256131332811e+02, 3.55099711716859360422e+02
1.02000000000000000000e+03, 5.76000000000000014211e+01, 7.16292000000000030013e+02, 3.57019999999999981810e+02, 2019/5/7/12:15, 6.05158691785780092687e+02, 3.54970281535279639229e+02
1.02600000000000000000e+03, 5.79099999999999965894e+01, 7.17884999999999990905e+02, 3.57110000000000013642e+02, 2019/5/7/12:16, 6.07925724662190305025e+02, 3.54720399823864681821e+02
1.03200000000000000000e+03, 5.81199999999999974420e+01, 7.19404999999999972715e+02, 3.56899999999999977263e+02, 2019/5/7/12:17, 6.10787682109763068183e+02, 3.54600652541287786335e+02
1.03200000000000000000e+03, 5.80200000000000031264e+01, 7.21229000000000041837e+02, 3.56879999999999995453e+02, 2019/5/7/12:18, 6.10893424594938210248e+02, 3.54729351876378700581e+02
1.03800000000000000000e+03, 5.82299999999999968736e+01, 7.13777000000000043656e+02, 3.63509999999999990905e+02, 2019/5/7/12:19, 6.13745101917319971108e+02, 3.54611789317482134720e+02
1.03800000000000000000e+03, 5.83299999999999982947e+01, 6.67256999999999948159e+02, 3.88790000000000020464e+02, 2019/5/7/12:20, 6.13646576333599000463e+02, 3.54479156884996825738e+02
1.03800000000000000000e+03, 5.83299999999999982947e+01, 6.66360999999999989996e+02, 3.89019999999999981810e+02, 2019/5/7/12:21, 6.13646576333599000463e+02, 3.54479156884996825738e+02
1.03800000000000000000e+03, 5.83299999999999982947e+01, 6.65546000000000049113e+02, 3.88889999999999986358e+02, 2019/5/7/12:22, 6.13646576333599000463e+02, 3.54479156884996825738e+02
1.03200000000000000000e+03, 5.81199999999999974420e+01, 6.64139000000000010004e+02, 3.89029999999999972715e+02, 2019/5/7/12:23, 6.10787682109763068183e+02, 3.54600652541287786335e+02
1.03200000000000000000e+03, 5.81199999999999974420e+01, 6.63082999999999969987e+02, 3.88959999999999979536e+02, 2019/5/7/12:24, 6.10787682109763068183e+02, 3.54600652541287786335e+02
1.03200000000000000000e+03, 5.82199999999999988631e+01, 6.62936000000000035470e+02, 3.88980000000000018190e+02, 2019/5/7/12:25, 6.10685748432798163776e+02, 3.54469982240899639692e+02
1.03800000000000000000e+03, 5.83299999999999982947e+01, 6.63864000000000032742e+02, 3.88959999999999979536e+02, 2019/5/7/12:26, 6.13646576333599000463e+02, 3.54479156884996825738e+02
1.03800000000000000000e+03, 5.82299999999999968736e+01, 6.64562999999999988177e+02, 3.88910000000000025011e+02, 2019/5/7/12:27, 6.13745101917319971108e+02, 3.54611789317482134720e+02
1.03800000000000000000e+03, 5.82299999999999968736e+01, 6.65333999999999946340e+02, 3.88879999999999995453e+02, 2019/5/7/12:28, 6.13745101917319971108e+02, 3.54611789317482134720e+02
1.03800000000000000000e+03, 5.82299999999999968736e+01, 6.66057000000000016371e+02, 3.88959999999999979536e+02, 2019/5/7/12:29, 6.13745101917319971108e+02, 3.54611789317482134720e+02
1.03800000000000000000e+03, 5.81300000000000025580e+01, 6.66323999999999955435e+02, 3.88800000000000011369e+02, 2019/5/7/12:30, 6.13847700365477749074e+02, 3.54742433160173561646e+02
1.03800000000000000000e+03, 5.81300000000000025580e+01, 6.64288000000000010914e+02, 3.88759999999999990905e+02, 2019/5/7/12:31, 6.13847700365477749074e+02, 3.54742433160173561646e+02
1.03800000000000000000e+03, 5.82299999999999968736e+01, 6.63471000000000003638e+02, 3.88759999999999990905e+02, 2019/5/7/12:32, 6.13745101917319971108e+02, 3.54611789317482134720e+02
1.03800000000000000000e+03, 5.82299999999999968736e+01, 6.64153999999999996362e+02, 3.87430000000000006821e+02, 2019/5/7/12:33, 6.13745101917319971108e+02, 3.54611789317482134720e+02
1.04400000000000000000e+03, 5.85399999999999991473e+01, 6.65259000000000014552e+02, 3.86889999999999986358e+02, 2019/5/7/12:34, 6.16501208076441457706e+02, 3.54356578041244119959e+02
1.04400000000000000000e+03, 5.84399999999999977263e+01, 6.67745000000000004547e+02, 3.86009999999999990905e+02, 2019/5/7/12:35, 6.16597226717673493113e+02, 3.54490816105607336794e+02
1.04400000000000000000e+03, 5.85399999999999991473e+01, 6.69119000000000028194e+02, 3.86069999999999993179e+02, 2019/5/7/12:36, 6.16501208076441457706e+02, 3.54356578041244119959e+02
1.04400000000000000000e+03, 5.86400000000000005684e+01, 6.67839000000000055479e+02, 3.86110000000000013642e+02, 2019/5/7/12:37, 6.16392632057996138428e+02, 3.54228500624665173291e+02
1.04400000000000000000e+03, 5.87400000000000019895e+01, 6.66351999999999975444e+02, 3.86139999999999986358e+02, 2019/5/7/12:38, 6.16288640265120875483e+02, 3.54098078206314994532e+02
1.04400000000000000000e+03, 5.86400000000000005684e+01, 6.66628000000000042746e+02, 3.86269999999999981810e+02, 2019/5/7/12:39, 6.16392632057996138428e+02, 3.54228500624665173291e+02
1.04400000000000000000e+03, 5.86400000000000005684e+01, 6.67306000000000040018e+02, 3.86360000000000013642e+02, 2019/5/7/12:40, 6.16392632057996138428e+02, 3.54228500624665173291e+02
1.04400000000000000000e+03, 5.86400000000000005684e+01, 6.67519000000000005457e+02, 3.86319999999999993179e+02, 2019/5/7/12:41, 6.16392632057996138428e+02, 3.54228500624665173291e+02
1.04400000000000000000e+03, 5.83400000000000034106e+01, 6.66527000000000043656e+02, 3.86269999999999981810e+02, 2019/5/7/12:42, 6.16703432686541987096e+02, 3.54620026241089874475e+02
1.04400000000000000000e+03, 5.84399999999999977263e+01, 6.67890999999999962711e+02, 3.85000000000000000000e+02, 2019/5/7/12:43, 6.16597226717673493113e+02, 3.54490816105607336794e+02
1.03800000000000000000e+03, 5.82299999999999968736e+01, 6.75135999999999967258e+02, 3.80670000000000015916e+02, 2019/5/7/12:44, 6.13745101917319971108e+02, 3.54611789317482134720e+02
1.03800000000000000000e+03, 5.83299999999999982947e+01, 6.91162000000000034561e+02, 3.70329999999999984084e+02, 2019/5/7/12:45, 6.13646576333599000463e+02, 3.54479156884996825738e+02
1.03200000000000000000e+03, 5.82199999999999988631e+01, 6.98625999999999976353e+02, 3.64149999999999977263e+02, 2019/5/7/12:46, 6.10685748432798163776e+02, 3.54469982240899639692e+02
1.03800000000000000000e+03, 5.83299999999999982947e+01, 6.97309999999999945430e+02, 3.65279999999999972715e+02, 2019/5/7/12:47, 6.13646576333599000463e+02, 3.54479156884996825738e+02
1.03800000000000000000e+03, 5.83299999999999982947e+01, 7.00259000000000014552e+02, 3.64029999999999972715e+02, 2019/5/7/12:48, 6.13646576333599000463e+02, 3.54479156884996825738e+02
1.03200000000000000000e+03, 5.82199999999999988631e+01, 6.99836999999999989086e+02, 3.63029999999999972715e+02, 2019/5/7/12:49, 6.10685748432798163776e+02, 3.54469982240899639692e+02
1.03800000000000000000e+03, 5.85300000000000011369e+01, 6.89822000000000002728e+02, 3.67329999999999984084e+02, 2019/5/7/12:50, 6.13445462160471606694e+02, 3.54215759636548114031e+02
1.03200000000000000000e+03, 5.84200000000000017053e+01, 6.94614000000000032742e+02, 3.64259999999999990905e+02, 2019/5/7/12:51, 6.10483577598090050742e+02, 3.54207790569638461875e+02
1.03800000000000000000e+03, 5.88299999999999982947e+01, 6.96032000000000039108e+02, 3.64600000000000022737e+02, 2019/5/7/12:52, 6.13136151672662549572e+02, 3.53824200264466583121e+02
1.04400000000000000000e+03, 5.88400000000000034106e+01, 6.94614000000000032742e+02, 3.66670000000000015916e+02, 2019/5/7/12:53, 6.16189865139253583948e+02, 3.53965130553817914461e+02
1.03800000000000000000e+03, 5.87299999999999968736e+01, 6.95876999999999952706e+02, 3.66339999999999974989e+02, 2019/5/7/12:54, 6.13235122133717254655e+02, 3.53956770768469823452e+02
1.03800000000000000000e+03, 5.88299999999999982947e+01, 6.90809999999999945430e+02, 3.69610000000000013642e+02, 2019/5/7/12:55, 6.13136151672662549572e+02, 3.53824200264466583121e+02
1.03800000000000000000e+03, 5.89299999999999997158e+01, 6.92793999999999982720e+02, 3.67519999999999981810e+02, 2019/5/7/12:56, 6.13030965827663408163e+02, 3.53694652272600023935e+02
1.03800000000000000000e+03, 5.89299999999999997158e+01, 6.92783000000000015461e+02, 3.67560000000000002274e+02, 2019/5/7/12:57, 6.13030965827663408163e+02, 3.53694652272600023935e+02
1.03800000000000000000e+03, 5.89299999999999997158e+01, 6.94082999999999969987e+02, 3.66939999999999997726e+02, 2019/5/7/12:58, 6.13030965827663408163e+02, 3.53694652272600023935e+02
1.03800000000000000000e+03, 5.89299999999999997158e+01, 6.95890999999999962711e+02, 3.65879999999999995453e+02, 2019/5/7/12:59, 6.13030965827663408163e+02, 3.53694652272600023935e+02
1.03800000000000000000e+03, 5.88299999999999982947e+01, 6.94684999999999945430e+02, 3.67009999999999990905e+02, 2019/5/7/13:0, 6.13136151672662549572e+02, 3.53824200264466583121e+02
1.04400000000000000000e+03, 5.88400000000000034106e+01, 6.89975000000000022737e+02, 3.69959999999999979536e+02, 2019/5/7/13:1, 6.16189865139253583948e+02, 3.53965130553817914461e+02
1.04400000000000000000e+03, 5.88400000000000034106e+01, 6.90489000000000032742e+02, 3.70480000000000018190e+02, 2019/5/7/13:2, 6.16189865139253583948e+02, 3.53965130553817914461e+02
1.03800000000000000000e+03, 5.85300000000000011369e+01, 6.84577999999999974534e+02, 3.72180000000000006821e+02, 2019/5/7/13:3, 6.13445462160471606694e+02, 3.54215759636548114031e+02
1.03800000000000000000e+03, 5.86300000000000025580e+01, 6.88320000000000050022e+02, 3.68019999999999981810e+02, 2019/5/7/13:4, 6.13337986472287866491e+02, 3.54087444142024423854e+02
1.03800000000000000000e+03, 5.87299999999999968736e+01, 6.88453999999999950887e+02, 3.68240000000000009095e+02, 2019/5/7/13:5, 6.13235122133717254655e+02, 3.53956770768469823452e+02
1.03800000000000000000e+03, 5.86300000000000025580e+01, 6.86962999999999965439e+02, 3.69550000000000011369e+02, 2019/5/7/13:6, 6.13337986472287866491e+02, 3.54087444142024423854e+02
1.03800000000000000000e+03, 5.87299999999999968736e+01, 6.86745999999999980901e+02, 3.69420000000000015916e+02, 2019/5/7/13:7, 6.13235122133717254655e+02, 3.53956770768469823452e+02
1.03800000000000000000e+03, 5.86300000000000025580e+01, 6.82201999999999998181e+02, 3.71529999999999972715e+02, 2019/5/7/13:8, 6.13337986472287866491e+02, 3.54087444142024423854e+02
1.03800000000000000000e+03, 5.87299999999999968736e+01, 6.83183999999999969077e+02, 3.71050000000000011369e+02, 2019/5/7/13:9, 6.13235122133717254655e+02, 3.53956770768469823452e+02
1.04400000000000000000e+03, 5.89399999999999977263e+01, 6.84140999999999962711e+02, 3.71269999999999981810e+02, 2019/5/7/13:10, 6.16083481445097959295e+02, 3.53835827483896707690e+02
1.04400000000000000000e+03, 5.90399999999999991473e+01, 6.86409999999999968168e+02, 3.69730000000000018190e+02, 2019/5/7/13:11, 6.15986855287303797013e+02, 3.53701745602252117351e+02
1.04400000000000000000e+03, 5.90399999999999991473e+01, 6.84346999999999979991e+02, 3.70379999999999995453e+02, 2019/5/7/13:12, 6.15986855287303797013e+02, 3.53701745602252117351e+02
1.03800000000000000000e+03, 5.88299999999999982947e+01, 6.82972999999999956344e+02, 3.70470000000000027285e+02, 2019/5/7/13:13, 6.13136151672662549572e+02, 3.53824200264466583121e+02
1.03800000000000000000e+03, 5.88299999999999982947e+01, 6.82655999999999949068e+02, 3.69709999999999979536e+02, 2019/5/7/13:14, 6.13136151672662549572e+02, 3.53824200264466583121e+02
1.04400000000000000000e+03, 5.89399999999999977263e+01, 6.82278999999999996362e+02, 3.71259999999999990905e+02, 2019/5/7/13:15, 6.16083481445097959295e+02, 3.53835827483896707690e+02
1.04400000000000000000e+03, 5.87400000000000019895e+01, 6.79653000000000020009e+02, 3.71949999999999988631e+02, 2019/5/7/13:16, 6.16288640265120875483e+02, 3.54098078206314994532e+02
1.04400000000000000000e+03, 5.87400000000000019895e+01, 6.81798999999999978172e+02, 3.70839999999999974989e+02, 2019/5/7/13:17, 6.16288640265120875483e+02, 3.54098078206314994532e+02
1.03800000000000000000e+03, 5.84299999999999997158e+01, 6.75982999999999947249e+02, 3.73170000000000015916e+02, 2019/5/7/13:18, 6.13541782525243434065e+02, 3.54349551608074648357e+02
1.04400000000000000000e+03, 5.85399999999999991473e+01, 6.75325000000000045475e+02, 3.72680000000000006821e+02, 2019/5/7/13:19, 6.16501208076441457706e+02, 3.54356578041244119959e+02
1.03800000000000000000e+03, 5.84299999999999997158e+01, 6.70783999999999991815e+02, 3.74709999999999979536e+02, 2019/5/7/13:20, 6.13541782525243434065e+02, 3.54349551608074648357e+02
1.03800000000000000000e+03, 5.84299999999999997158e+01, 6.70639000000000010004e+02, 3.73810000000000002274e+02, 2019/5/7/13:21, 6.13541782525243434065e+02, 3.54349551608074648357e+02
1.03800000000000000000e+03, 5.85300000000000011369e+01, 6.66734000000000037289e+02, 3.75790000000000020464e+02, 2019/5/7/13:22, 6.13445462160471606694e+02, 3.54215759636548114031e+02
1.03800000000000000000e+03, 5.84299999999999997158e+01, 6.75456999999999993634e+02, 3.69279999999999972715e+02, 2019/5/7/13:23, 6.13541782525243434065e+02, 3.54349551608074648357e+02
1.03800000000000000000e+03, 5.83299999999999982947e+01, 6.78024999999999977263e+02, 3.66370000000000004547e+02, 2019/5/7/13:24, 6.13646576333599000463e+02, 3.54479156884996825738e+02
1.03200000000000000000e+03, 5.80200000000000031264e+01, 6.71068999999999959982e+02, 3.69709999999999979536e+02, 2019/5/7/13:25, 6.10893424594938210248e+02, 3.54729351876378700581e+02
1.03200000000000000000e+03, 5.80200000000000031264e+01, 6.69684999999999945430e+02, 3.69660000000000025011e+02, 2019/5/7/13:26, 6.10893424594938210248e+02, 3.54729351876378700581e+02
1.03800000000000000000e+03, 5.83299999999999982947e+01, 6.65241999999999961801e+02, 3.71970000000000027285e+02, 2019/5/7/13:27, 6.13646576333599000463e+02, 3.54479156884996825738e+02
1.03200000000000000000e+03, 5.81199999999999974420e+01, 6.64361999999999966349e+02, 3.70899999999999977263e+02, 2019/5/7/13:28, 6.10787682109763068183e+02, 3.54600652541287786335e+02
1.03200000000000000000e+03, 5.82199999999999988631e+01, 6.64807000000000016371e+02, 3.70269999999999981810e+02, 2019/5/7/13:29, 6.10685748432798163776e+02, 3.54469982240899639692e+02
1.03200000000000000000e+03, 5.83200000000000002842e+01, 6.64331000000000017280e+02, 3.70819999999999993179e+02, 2019/5/7/13:30, 6.10586731308310163513e+02, 3.54337925471597316118e+02
1.03200000000000000000e+03, 5.83200000000000002842e+01, 6.63359000000000037289e+02, 3.71180000000000006821e+02, 2019/5/7/13:31, 6.10586731308310163513e+02, 3.54337925471597316118e+02
1.03200000000000000000e+03, 5.82199999999999988631e+01, 6.64727999999999951797e+02, 3.68730000000000018190e+02, 2019/5/7/13:32, 6.10685748432798163776e+02, 3.54469982240899639692e+02
1.03200000000000000000e+03, 5.82199999999999988631e+01, 6.64861999999999966349e+02, 3.68920000000000015916e+02, 2019/5/7/13:33, 6.10685748432798163776e+02, 3.54469982240899639692e+02
1.03200000000000000000e+03, 5.80200000000000031264e+01, 6.59977999999999951797e+02, 3.72060000000000002274e+02, 2019/5/7/13:34, 6.10893424594938210248e+02, 3.54729351876378700581e+02
1.03200000000000000000e+03, 5.80200000000000031264e+01, 6.59909999999999968168e+02, 3.72050000000000011369e+02, 2019/5/7/13:35, 6.10893424594938210248e+02, 3.54729351876378700581e+02
1.03200000000000000000e+03, 5.82199999999999988631e+01, 6.59972999999999956344e+02, 3.71819999999999993179e+02, 2019/5/7/13:36, 6.10685748432798163776e+02, 3.54469982240899639692e+02
1.03800000000000000000e+03, 5.85300000000000011369e+01, 6.64514000000000010004e+02, 3.69230000000000018190e+02, 2019/5/7/13:37, 6.13445462160471606694e+02, 3.54215759636548114031e+02
1.03800000000000000000e+03, 5.83299999999999982947e+01, 6.63698999999999955435e+02, 3.69079999999999984084e+02, 2019/5/7/13:38, 6.13646576333599000463e+02, 3.54479156884996825738e+02
1.03800000000000000000e+03, 5.84299999999999997158e+01, 6.63302000000000020918e+02, 3.68459999999999979536e+02, 2019/5/7/13:39, 6.13541782525243434065e+02, 3.54349551608074648357e+02
1.03800000000000000000e+03, 5.85300000000000011369e+01, 6.57658999999999991815e+02, 3.71370000000000004547e+02, 2019/5/7/13:40, 6.13445462160471606694e+02, 3.54215759636548114031e+02
1.03800000000000000000e+03, 5.85300000000000011369e+01, 6.58413999999999987267e+02, 3.70470000000000027285e+02, 2019/5/7/13:41, 6.13445462160471606694e+02, 3.54215759636548114031e+02
1.03800000000000000000e+03, 5.85300000000000011369e+01, 6.57052999999999997272e+02, 3.71550000000000011369e+02, 2019/5/7/13:42, 6.13445462160471606694e+02, 3.54215759636548114031e+02
1.03800000000000000000e+03, 5.85300000000000011369e+01, 6.56115000000000009095e+02, 3.71550000000000011369e+02, 2019/5/7/13:43, 6.13445462160471606694e+02, 3.54215759636548114031e+02
1.03800000000000000000e+03, 5.83299999999999982947e+01, 6.55408999999999991815e+02, 3.72290000000000020464e+02, 2019/5/7/13:44, 6.13646576333599000463e+02, 3.54479156884996825738e+02
1.03200000000000000000e+03, 5.81199999999999974420e+01, 6.52542000000000030013e+02, 3.72569999999999993179e+02, 2019/5/7/13:45, 6.10787682109763068183e+02, 3.54600652541287786335e+02
1.03800000000000000000e+03, 5.83299999999999982947e+01, 6.51224000000000046384e+02, 3.73019999999999981810e+02, 2019/5/7/13:46, 6.13646576333599000463e+02, 3.54479156884996825738e+02
1.03200000000000000000e+03, 5.80200000000000031264e+01, 6.53102999999999951797e+02, 3.70589999999999974989e+02, 2019/5/7/13:47, 6.10893424594938210248e+02, 3.54729351876378700581e+02
1.03200000000000000000e+03, 5.80200000000000031264e+01, 6.51283999999999991815e+02, 3.71389999999999986358e+02, 2019/5/7/13:48, 6.10893424594938210248e+02, 3.54729351876378700581e+02
1.03800000000000000000e+03, 5.83299999999999982947e+01, 6.50585000000000036380e+02, 3.72149999999999977263e+02, 2019/5/7/13:49, 6.13646576333599000463e+02, 3.54479156884996825738e+02
1.03200000000000000000e+03, 5.82199999999999988631e+01, 6.51702999999999974534e+02, 3.70500000000000000000e+02, 2019/5/7/13:50, 6.10685748432798163776e+02, 3.54469982240899639692e+02
1.03200000000000000000e+03, 5.81199999999999974420e+01, 6.47171000000000049113e+02, 3.72430000000000006821e+02, 2019/5/7/13:51, 6.10787682109763068183e+02, 3.54600652541287786335e+02
1.03200000000000000000e+03, 5.80200000000000031264e+01, 6.43293000000000006366e+02, 3.74850000000000022737e+02, 2019/5/7/13:52, 6.10893424594938210248e+02, 3.54729351876378700581e+02
1.03200000000000000000e+03, 5.80200000000000031264e+01, 6.38927999999999997272e+02, 3.78680000000000006821e+02, 2019/5/7/13:53, 6.10893424594938210248e+02, 3.54729351876378700581e+02
1.03200000000000000000e+03, 5.80200000000000031264e+01, 6.44556000000000040018e+02, 3.74279999999999972715e+02, 2019/5/7/13:54, 6.10893424594938210248e+02, 3.54729351876378700581e+02
1.03200000000000000000e+03, 5.81199999999999974420e+01, 6.39408999999999991815e+02, 3.77399999999999977263e+02, 2019/5/7/13:55, 6.10787682109763068183e+02, 3.54600652541287786335e+02
1.02600000000000000000e+03, 5.79099999999999965894e+01, 6.37030999999999949068e+02, 3.78250000000000000000e+02, 2019/5/7/13:56, 6.07925724662190305025e+02, 3.54720399823864681821e+02
1.02600000000000000000e+03, 5.79099999999999965894e+01, 6.35416000000000053660e+02, 3.78389999999999986358e+02, 2019/5/7/13:57, 6.07925724662190305025e+02, 3.54720399823864681821e+02
1.02600000000000000000e+03, 5.80099999999999980105e+01, 6.36664999999999963620e+02, 3.76490000000000009095e+02, 2019/5/7/13:58, 6.07829470886912645256e+02, 3.54587325012453618456e+02
1.02600000000000000000e+03, 5.80099999999999980105e+01, 6.38750000000000000000e+02, 3.74189999999999997726e+02, 2019/5/7/13:59, 6.07829470886912645256e+02, 3.54587325012453618456e+02
1.02000000000000000000e+03, 5.77000000000000028422e+01, 6.39003000000000042746e+02, 3.72610000000000013642e+02, 2019/5/7/14:0, 6.05065006683770207019e+02, 3.54836293590065565695e+02
1.02000000000000000000e+03, 5.77999999999999971578e+01, 6.37942000000000007276e+02, 3.72629999999999995453e+02, 2019/5/7/14:1, 6.04959694996481516682e+02, 3.54708114181404823739e+02
1.02600000000000000000e+03, 5.79099999999999965894e+01, 6.26219000000000050932e+02, 3.80100000000000022737e+02, 2019/5/7/14:2, 6.07925724662190305025e+02, 3.54720399823864681821e+02
1.02600000000000000000e+03, 5.78100000000000022737e+01, 6.21330000000000040927e+02, 3.82870000000000004547e+02, 2019/5/7/14:3, 6.08027575041665045319e+02, 3.54850693602838134666e+02
1.02600000000000000000e+03, 5.76099999999999994316e+01, 6.21725000000000022737e+02, 3.82480000000000018190e+02, 2019/5/7/14:4, 6.08227224303089883506e+02, 3.55113159262758983914e+02
1.02000000000000000000e+03, 5.73999999999999985789e+01, 6.29456000000000017280e+02, 3.75420000000000015916e+02, 2019/5/7/14:5, 6.05357727086175032127e+02, 3.55232291644754809568e+02
1.01400000000000000000e+03, 5.72899999999999991473e+01, 6.27388000000000033651e+02, 3.74879999999999995453e+02, 2019/5/7/14:6, 6.02313079301031962132e+02, 3.55254154048976374725e+02
1.01400000000000000000e+03, 5.72899999999999991473e+01, 6.21999000000000023647e+02, 3.77009999999999990905e+02, 2019/5/7/14:7, 6.02313079301031962132e+02, 3.55254154048976374725e+02
1.00800000000000000000e+03, 5.70799999999999982947e+01, 6.11861999999999966349e+02, 3.82540000000000020464e+02, 2019/5/7/14:8, 5.99191682284566695671e+02, 3.55497687037664206855e+02
1.01400000000000000000e+03, 5.72899999999999991473e+01, 6.12980000000000018190e+02, 3.81639999999999986358e+02, 2019/5/7/14:9, 6.02313079301031962132e+02, 3.55254154048976374725e+02
1.01400000000000000000e+03, 5.71899999999999977263e+01, 6.10557000000000016371e+02, 3.82819999999999993179e+02, 2019/5/7/14:10, 6.02328828490556247743e+02, 3.55428930061731875867e+02
1.01400000000000000000e+03, 5.72899999999999991473e+01, 6.09779999999999972715e+02, 3.82870000000000004547e+02, 2019/5/7/14:11, 6.02313079301031962132e+02, 3.55254154048976374725e+02
1.00800000000000000000e+03, 5.71799999999999997158e+01, 6.10543999999999982720e+02, 3.82170000000000015916e+02, 2019/5/7/14:12, 5.99153657002062004722e+02, 3.55336407376542126713e+02
1.00800000000000000000e+03, 5.71799999999999997158e+01, 6.07861999999999966349e+02, 3.82670000000000015916e+02, 2019/5/7/14:13, 5.99153657002062004722e+02, 3.55336407376542126713e+02
1.00800000000000000000e+03, 5.71799999999999997158e+01, 6.05774000000000000909e+02, 3.83160000000000025011e+02, 2019/5/7/14:14, 5.99153657002062004722e+02, 3.55336407376542126713e+02
1.00800000000000000000e+03, 5.71799999999999997158e+01, 6.04181000000000040018e+02, 3.82670000000000015916e+02, 2019/5/7/14:15, 5.99153657002062004722e+02, 3.55336407376542126713e+02
1.00200000000000000000e+03, 5.69699999999999988631e+01, 6.02631999999999948159e+02, 3.81870000000000004547e+02, 2019/5/7/14:16, 5.96058985675559597439e+02, 3.55562210738289195433e+02
1.00200000000000000000e+03, 5.69699999999999988631e+01, 5.98589000000000055479e+02, 3.83420000000000015916e+02, 2019/5/7/14:17, 5.96058985675559597439e+02, 3.55562210738289195433e+02
9.96000000000000000000e+02, 5.68599999999999994316e+01, 5.97527000000000043656e+02, 3.83259999999999990905e+02, 2019/5/7/14:18, 5.92917701477017430989e+02, 3.55629984468201428172e+02
9.96000000000000000000e+02, 5.69600000000000008527e+01, 5.96048999999999978172e+02, 3.82819999999999993179e+02, 2019/5/7/14:19, 5.92887449641901980613e+02, 3.55464252044551358267e+02
9.90000000000000000000e+02, 5.66499999999999985789e+01, 5.95212999999999965439e+02, 3.82500000000000000000e+02, 2019/5/7/14:20, 5.89813992488124540614e+02, 3.55857121137367300889e+02
9.90000000000000000000e+02, 5.66499999999999985789e+01, 5.91414999999999963620e+02, 3.84279999999999972715e+02, 2019/5/7/14:21, 5.89813992488124540614e+02, 3.55857121137367300889e+02
9.90000000000000000000e+02, 5.67500000000000000000e+01, 5.92845000000000027285e+02, 3.82800000000000011369e+02, 2019/5/7/14:22, 5.89776920963290535838e+02, 3.55695568992140636055e+02
9.84000000000000000000e+02, 5.65399999999999991473e+01, 5.93235999999999989996e+02, 3.81170000000000015916e+02, 2019/5/7/14:23, 5.86663427177339031005e+02, 3.55926613286257804702e+02
9.84000000000000000000e+02, 5.64399999999999977263e+01, 5.87101999999999975444e+02, 3.83740000000000009095e+02, 2019/5/7/14:24, 5.86698202476074925471e+02, 3.56089465568025389075e+02
9.84000000000000000000e+02, 5.63400000000000034106e+01, 5.86842999999999960892e+02, 3.83870000000000004547e+02, 2019/5/7/14:25, 5.86725776239713468385e+02, 3.56256707356386982610e+02
9.78000000000000000000e+02, 5.61300000000000025580e+01, 5.83581999999999993634e+02, 3.85310000000000002274e+02, 2019/5/7/14:26, 5.83612546478768535962e+02, 3.56485527251733913090e+02
9.84000000000000000000e+02, 5.62400000000000019895e+01, 5.84821000000000026375e+02, 3.84910000000000025011e+02, 2019/5/7/14:27, 5.86760966245957547471e+02, 3.56419530512139033362e+02
9.78000000000000000000e+02, 5.60300000000000011369e+01, 5.81326000000000021828e+02, 3.85870000000000004547e+02, 2019/5/7/14:28, 5.83641627736517534686e+02, 3.56651805126707131421e+02
9.78000000000000000000e+02, 5.59299999999999997158e+01, 5.79129000000000019099e+02, 3.85709999999999979536e+02, 2019/5/7/14:29, 5.83672875734398076020e+02, 3.56816774970813071377e+02
9.72000000000000000000e+02, 5.57199999999999988631e+01, 5.79513000000000033651e+02, 3.84029999999999972715e+02, 2019/5/7/14:30, 5.80557733099103870700e+02, 3.57044454352817297149e+02
9.72000000000000000000e+02, 5.56199999999999974420e+01, 5.75562999999999988177e+02, 3.86009999999999990905e+02, 2019/5/7/14:31, 5.80587599563467847474e+02, 3.57210216943843136050e+02
9.66000000000000000000e+02, 5.54099999999999965894e+01, 5.72725999999999999091e+02, 3.87689999999999997726e+02, 2019/5/7/14:32, 5.77471631758247212929e+02, 3.57435986725248199036e+02
9.66000000000000000000e+02, 5.53100000000000022737e+01, 5.68323999999999955435e+02, 3.89579999999999984084e+02, 2019/5/7/14:33, 5.77489856406418766710e+02, 3.57608911434531762552e+02
9.60000000000000000000e+02, 5.50000000000000000000e+01, 5.66562999999999988177e+02, 3.89149999999999977263e+02, 2019/5/7/14:34, 5.74402826837981592689e+02, 3.57998797930289811120e+02
9.54000000000000000000e+02, 5.47899999999999991473e+01, 5.64927000000000020918e+02, 3.86350000000000022737e+02, 2019/5/7/14:35, 5.71279316983246758355e+02, 3.58224800379148689444e+02
9.48000000000000000000e+02, 5.46799999999999997158e+01, 5.62369000000000028194e+02, 3.86290000000000020464e+02, 2019/5/7/14:36, 5.68110192352369040236e+02, 3.58292819379416300762e+02
9.54000000000000000000e+02, 5.48900000000000005684e+01, 5.60571000000000026375e+02, 3.87259999999999990905e+02, 2019/5/7/14:37, 5.71242530153892175804e+02, 3.58063542254339722604e+02
9.48000000000000000000e+02, 5.46799999999999997158e+01, 5.57043999999999982720e+02, 3.88009999999999990905e+02, 2019/5/7/14:38, 5.68110192352369040236e+02, 3.58292819379416300762e+02
9.48000000000000000000e+02, 5.47800000000000011369e+01, 5.58491999999999961801e+02, 3.87430000000000006821e+02, 2019/5/7/14:39, 5.68083842532872154152e+02, 3.58125085334096127099e+02
9.48000000000000000000e+02, 5.47800000000000011369e+01, 5.57913999999999987267e+02, 3.87540000000000020464e+02, 2019/5/7/14:40, 5.68083842532872154152e+02, 3.58125085334096127099e+02
9.48000000000000000000e+02, 5.48800000000000025580e+01, 5.55861999999999966349e+02, 3.87939999999999997726e+02, 2019/5/7/14:41, 5.68053819432371028597e+02, 3.57959685182277951299e+02
9.48000000000000000000e+02, 5.47800000000000011369e+01, 5.55644000000000005457e+02, 3.88600000000000022737e+02, 2019/5/7/14:42, 5.68083842532872154152e+02, 3.58125085334096127099e+02
9.42000000000000000000e+02, 5.44699999999999988631e+01, 5.53072000000000002728e+02, 3.88649999999999977263e+02, 2019/5/7/14:43, 5.64979658156320056150e+02, 3.58518780956901650825e+02
9.42000000000000000000e+02, 5.45700000000000002842e+01, 5.53376999999999952706e+02, 3.86670000000000015916e+02, 2019/5/7/14:44, 5.64958198064135785899e+02, 3.58347921256760685083e+02
9.42000000000000000000e+02, 5.45700000000000002842e+01, 5.52046000000000049113e+02, 3.86050000000000011369e+02, 2019/5/7/14:45, 5.64958198064135785899e+02, 3.58347921256760685083e+02
9.36000000000000000000e+02, 5.43599999999999994316e+01, 5.48946000000000026375e+02, 3.86069999999999993179e+02, 2019/5/7/14:46, 5.61807517880666182464e+02, 3.58584446234762651784e+02
9.30000000000000000000e+02, 5.41499999999999985789e+01, 5.46760999999999967258e+02, 3.86490000000000009095e+02, 2019/5/7/14:47, 5.58669610925747065266e+02, 3.58810535199101593662e+02
9.24000000000000000000e+02, 5.38400000000000034106e+01, 5.43307000000000016371e+02, 3.86129999999999995453e+02, 2019/5/7/14:48, 5.55549868877726112260e+02, 3.59207047363207493618e+02
9.24000000000000000000e+02, 5.39399999999999977263e+01, 5.42993000000000051841e+02, 3.85209999999999979536e+02, 2019/5/7/14:49, 5.55531853956296913566e+02, 3.59034136935831782012e+02
9.24000000000000000000e+02, 5.39399999999999977263e+01, 5.42154999999999972715e+02, 3.86329999999999984084e+02, 2019/5/7/14:50, 5.55531853956296913566e+02, 3.59034136935831782012e+02
9.18000000000000000000e+02, 5.35300000000000011369e+01, 5.37849000000000046384e+02, 3.88459999999999979536e+02, 2019/5/7/14:51, 5.52437152450868097731e+02, 3.59596536292186101491e+02
9.12000000000000000000e+02, 5.34200000000000017053e+01, 5.33635999999999967258e+02, 3.89720000000000027285e+02, 2019/5/7/14:52, 5.49255197939820391184e+02, 3.59659353967691231446e+02
9.12000000000000000000e+02, 5.33200000000000002842e+01, 5.32275999999999953616e+02, 3.90149999999999977263e+02, 2019/5/7/14:53, 5.49293674683435142470e+02, 3.59818847417158792723e+02
9.06000000000000000000e+02, 5.32100000000000008527e+01, 5.31219000000000050932e+02, 3.89500000000000000000e+02, 2019/5/7/14:54, 5.46100382873044964072e+02, 3.59886740946533734586e+02
9.06000000000000000000e+02, 5.33100000000000022737e+01, 5.29663000000000010914e+02, 3.89000000000000000000e+02, 2019/5/7/14:55, 5.46075231492575881020e+02, 3.59718589068591256819e+02
9.00000000000000000000e+02, 5.31000000000000014211e+01, 5.28774999999999977263e+02, 3.89389999999999986358e+02, 2019/5/7/14:56, 5.42920224544747725304e+02, 3.59943676340620299925e+02
9.00000000000000000000e+02, 5.31000000000000014211e+01, 5.27380999999999971806e+02, 3.90290000000000020464e+02, 2019/5/7/14:57, 5.42920224544747725304e+02, 3.59943676340620299925e+02
8.94000000000000000000e+02, 5.28900000000000005684e+01, 5.25485999999999989996e+02, 3.90129999999999995453e+02, 2019/5/7/14:58, 5.39756065300526188366e+02, 3.60172336511080288801e+02
8.88000000000000000000e+02, 5.26799999999999997158e+01, 5.23359000000000037289e+02, 3.90029999999999972715e+02, 2019/5/7/14:59, 5.36590420158113261095e+02, 3.60399424545646809293e+02
8.88000000000000000000e+02, 5.26799999999999997158e+01, 5.20339000000000055479e+02, 3.90649999999999977263e+02, 2019/5/7/15:0, 5.36590420158113261095e+02, 3.60399424545646809293e+02
8.82000000000000000000e+02, 5.23699999999999974420e+01, 5.17775999999999953616e+02, 3.90490000000000009095e+02, 2019/5/7/15:1, 5.33452741654870010279e+02, 3.60790040096487416577e+02
8.76000000000000000000e+02, 5.21599999999999965894e+01, 5.17174999999999954525e+02, 3.89910000000000025011e+02, 2019/5/7/15:2, 5.30277944667795736677e+02, 3.61018053205744763545e+02
8.76000000000000000000e+02, 5.22599999999999980105e+01, 5.14769000000000005457e+02, 3.90850000000000022737e+02, 2019/5/7/15:3, 5.30249960356500196212e+02, 3.60852160141374838531e+02
8.70000000000000000000e+02, 5.20499999999999971578e+01, 5.12981999999999970896e+02, 3.90980000000000018190e+02, 2019/5/7/15:4, 5.27067513436405306493e+02, 3.61082852823855262159e+02
8.64000000000000000000e+02, 5.18400000000000034106e+01, 5.11764000000000010004e+02, 3.90790000000000020464e+02, 2019/5/7/15:5, 5.23900163779548620369e+02, 3.61300495328665419947e+02
8.64000000000000000000e+02, 5.17400000000000019895e+01, 5.09783000000000015461e+02, 3.90829999999999984084e+02, 2019/5/7/15:6, 5.23922433804101615351e+02, 3.61470291887398843755e+02
8.64000000000000000000e+02, 5.17400000000000019895e+01, 5.08507999999999981355e+02, 3.90529999999999972715e+02, 2019/5/7/15:7, 5.23922433804101615351e+02, 3.61470291887398843755e+02
8.52000000000000000000e+02, 5.14200000000000017053e+01, 5.04567000000000007276e+02, 3.90050000000000011369e+02, 2019/5/7/15:8, 5.17525841068420618285e+02, 3.61755021699334463392e+02
8.46000000000000000000e+02, 5.12100000000000008527e+01, 5.02122000000000014097e+02, 3.90139999999999986358e+02, 2019/5/7/15:9, 5.14336086346933825553e+02, 3.61979887855270760610e+02
8.46000000000000000000e+02, 5.12100000000000008527e+01, 5.01927999999999997272e+02, 3.89850000000000022737e+02, 2019/5/7/15:10, 5.14336086346933825553e+02, 3.61979887855270760610e+02
8.40000000000000000000e+02, 5.10000000000000000000e+01, 4.97529999999999972715e+02, 3.90250000000000000000e+02, 2019/5/7/15:11, 5.11145570676411296063e+02, 3.62202445891847048642e+02
8.34000000000000000000e+02, 5.07899999999999991473e+01, 4.95189000000000021373e+02, 3.90449999999999988631e+02, 2019/5/7/15:12, 5.07950476458464095231e+02, 3.62425357040773974404e+02
8.28000000000000000000e+02, 5.06799999999999997158e+01, 4.91408000000000015461e+02, 3.90639999999999986358e+02, 2019/5/7/15:13, 5.04712501111807569032e+02, 3.62490777586224453444e+02
8.28000000000000000000e+02, 5.05799999999999982947e+01, 4.90985000000000013642e+02, 3.91500000000000000000e+02, 2019/5/7/15:14, 5.04744560086521460107e+02, 3.62653098526773362664e+02
8.22000000000000000000e+02, 5.02700000000000031264e+01, 4.88451999999999998181e+02, 3.91670000000000015916e+02, 2019/5/7/15:15, 5.01564033422485863412e+02, 3.63044987894978191889e+02
8.22000000000000000000e+02, 5.01700000000000017053e+01, 4.87351999999999975444e+02, 3.92649999999999977263e+02, 2019/5/7/15:16, 5.01593709273489821499e+02, 3.63209202126576826686e+02
8.22000000000000000000e+02, 5.00700000000000002842e+01, 4.87353999999999984993e+02, 3.92730000000000018190e+02, 2019/5/7/15:17, 5.01589510440745584674e+02, 3.63397765976881316874e+02
8.22000000000000000000e+02, 5.00700000000000002842e+01, 4.85028000000000020009e+02, 3.93509999999999990905e+02, 2019/5/7/15:18, 5.01589510440745584674e+02, 3.63397765976881316874e+02
8.16000000000000000000e+02, 4.97599999999999980105e+01, 4.81413999999999987267e+02, 3.93089999999999974989e+02, 2019/5/7/15:19, 4.98451214631529751387e+02, 3.63755765051936805321e+02
8.10000000000000000000e+02, 4.95499999999999971578e+01, 4.78829999999999984084e+02, 3.93069999999999993179e+02, 2019/5/7/15:20, 4.95219593432455155835e+02, 3.63993070685941006559e+02
8.04000000000000000000e+02, 4.93400000000000034106e+01, 4.76189000000000021373e+02, 3.93009999999999990905e+02, 2019/5/7/15:21, 4.92003199651688476024e+02, 3.64216220884556378223e+02
7.92000000000000000000e+02, 4.89200000000000017053e+01, 4.74079999999999984084e+02, 3.92459999999999979536e+02, 2019/5/7/15:22, 4.85549788519518585872e+02, 3.64667845799371832527e+02
7.86000000000000000000e+02, 4.87100000000000008527e+01, 4.71610000000000013642e+02, 3.92680000000000006821e+02, 2019/5/7/15:23, 4.82308703591783739739e+02, 3.64900081001837463646e+02
7.80000000000000000000e+02, 4.86000000000000014211e+01, 4.68999000000000023647e+02, 3.92259999999999990905e+02, 2019/5/7/15:24, 4.79060271748559557636e+02, 3.64948041492144227504e+02
7.74000000000000000000e+02, 4.83900000000000005684e+01, 4.64771000000000015007e+02, 3.93970000000000027285e+02, 2019/5/7/15:25, 4.75811341852418991039e+02, 3.65179486809620527765e+02
7.74000000000000000000e+02, 4.83900000000000005684e+01, 4.65502000000000009550e+02, 3.92740000000000009095e+02, 2019/5/7/15:26, 4.75811341852418991039e+02, 3.65179486809620527765e+02
7.74000000000000000000e+02, 4.84900000000000019895e+01, 4.64865000000000009095e+02, 3.91949999999999988631e+02, 2019/5/7/15:27, 4.75793360821315673093e+02, 3.65007234110977378805e+02
7.68000000000000000000e+02, 4.82800000000000011369e+01, 4.61557000000000016371e+02, 3.92370000000000004547e+02, 2019/5/7/15:28, 4.72544014356755724293e+02, 3.65235760864720930385e+02
7.74000000000000000000e+02, 4.84900000000000019895e+01, 4.59735000000000013642e+02, 3.92899999999999977263e+02, 2019/5/7/15:29, 4.75793360821315673093e+02, 3.65007234110977378805e+02
7.62000000000000000000e+02, 4.81700000000000017053e+01, 4.56922000000000025466e+02, 3.92709999999999979536e+02, 2019/5/7/15:30, 4.69242784928602588934e+02, 3.65315678319649407513e+02
7.50000000000000000000e+02, 4.77500000000000000000e+01, 4.53225000000000022737e+02, 3.93180000000000006821e+02, 2019/5/7/15:31, 4.62751030222183374008e+02, 3.65749559843254758107e+02
7.50000000000000000000e+02, 4.77500000000000000000e+01, 4.51071000000000026375e+02, 3.93180000000000006821e+02, 2019/5/7/15:32, 4.62751030222183374008e+02, 3.65749559843254758107e+02
7.50000000000000000000e+02, 4.76499999999999985789e+01, 4.48901000000000010459e+02, 3.94449999999999988631e+02, 2019/5/7/15:33, 4.62780179368856295241e+02, 3.65912870061591945614e+02
7.44000000000000000000e+02, 4.73400000000000034106e+01, 4.46752000000000009550e+02, 3.94329999999999984084e+02, 2019/5/7/15:34, 4.59536618152271898907e+02, 3.66309318788228381436e+02
7.38000000000000000000e+02, 4.70300000000000011369e+01, 4.43456000000000017280e+02, 3.94410000000000025011e+02, 2019/5/7/15:35, 4.56290200827307330655e+02, 3.66704433240035882591e+02
7.38000000000000000000e+02, 4.70300000000000011369e+01, 4.41283999999999991815e+02, 3.94569999999999993179e+02, 2019/5/7/15:36, 4.56290200827307330655e+02, 3.66704433240035882591e+02
7.32000000000000000000e+02, 4.68200000000000002842e+01, 4.38211999999999989086e+02, 3.95699999999999988631e+02, 2019/5/7/15:37, 4.53025112623322854688e+02, 3.66923726402582587980e+02
7.26000000000000000000e+02, 4.65099999999999980105e+01, 4.36541999999999973170e+02, 3.95189999999999997726e+02, 2019/5/7/15:38, 4.49761544395103044280e+02, 3.67325300581813053213e+02
7.20000000000000000000e+02, 4.62999999999999971578e+01, 4.33029999999999972715e+02, 3.95360000000000013642e+02, 2019/5/7/15:39, 4.46481927792787928411e+02, 3.67548865308296456078e+02
7.14000000000000000000e+02, 4.59900000000000019895e+01, 4.30730999999999994543e+02, 3.94839999999999974989e+02, 2019/5/7/15:40, 4.43218021314006705325e+02, 3.67942568822476403056e+02
7.14000000000000000000e+02, 4.60900000000000034106e+01, 4.29355999999999994543e+02, 3.95709999999999979536e+02, 2019/5/7/15:41, 4.43192529259328978242e+02, 3.67776662809049582847e+02
7.08000000000000000000e+02, 4.59799999999999968736e+01, 4.26538999999999987267e+02, 3.95790000000000020464e+02, 2019/5/7/15:42, 4.39867705586641363880e+02, 3.67843083049212282276e+02
7.02000000000000000000e+02, 4.57700000000000031264e+01, 4.24017999999999972260e+02, 3.94230000000000018190e+02, 2019/5/7/15:43, 4.36578044447920262883e+02, 3.68062743370046860036e+02
6.96000000000000000000e+02, 4.56599999999999965894e+01, 4.20423999999999978172e+02, 3.95220000000000027285e+02, 2019/5/7/15:44, 4.33246546957230179942e+02, 3.68127114197902358228e+02
6.90000000000000000000e+02, 4.53500000000000014211e+01, 4.18072000000000002728e+02, 3.95000000000000000000e+02, 2019/5/7/15:45, 4.29961630013714227516e+02, 3.68521897714155898029e+02
6.84000000000000000000e+02, 4.51400000000000005684e+01, 4.16750000000000000000e+02, 3.94209999999999979536e+02, 2019/5/7/15:46, 4.27508458298131586162e+02, 3.67850822561988081816e+02
6.72000000000000000000e+02, 4.48200000000000002842e+01, 4.13610999999999989996e+02, 3.94370000000000004547e+02, 2019/5/7/15:47, 4.19976602703946866768e+02, 3.69044103027849132559e+02
6.72000000000000000000e+02, 4.47199999999999988631e+01, 4.11399999999999977263e+02, 3.94160000000000025011e+02, 2019/5/7/15:48, 4.19999671877882065019e+02, 3.69211629927867363676e+02
6.72000000000000000000e+02, 4.47199999999999988631e+01, 4.09048999999999978172e+02, 3.94620000000000004547e+02, 2019/5/7/15:49, 4.19999671877882065019e+02, 3.69211629927867363676e+02
6.66000000000000000000e+02, 4.43100000000000022737e+01, 4.05067999999999983629e+02, 3.96420000000000015916e+02, 2019/5/7/15:50, 4.16707060884334282491e+02, 3.69784548310256298009e+02
6.66000000000000000000e+02, 4.43100000000000022737e+01, 4.03235000000000013642e+02, 3.97129999999999995453e+02, 2019/5/7/15:51, 4.16707060884334282491e+02, 3.69784548310256298009e+02
6.60000000000000000000e+02, 4.40000000000000000000e+01, 4.00468000000000017735e+02, 3.96800000000000011369e+02, 2019/5/7/15:52, 4.13391424908840974695e+02, 3.70184821205565413038e+02
6.54000000000000000000e+02, 4.37899999999999991473e+01, 4.00069999999999993179e+02, 3.94709999999999979536e+02, 2019/5/7/15:53, 4.10044697061288843543e+02, 3.70419537283402974026e+02
6.54000000000000000000e+02, 4.38900000000000005684e+01, 3.97610999999999989996e+02, 3.95579999999999984084e+02, 2019/5/7/15:54, 4.10027386465219592537e+02, 3.70246842677836411895e+02
6.42000000000000000000e+02, 4.35700000000000002842e+01, 3.94702999999999974534e+02, 3.95709999999999979536e+02, 2019/5/7/15:55, 4.03300819367542885630e+02, 3.70545302857620470149e+02
6.42000000000000000000e+02, 4.35700000000000002842e+01, 3.91884000000000014552e+02, 3.96019999999999981810e+02, 2019/5/7/15:56, 4.03300819367542885630e+02, 3.70545302857620470149e+02
6.36000000000000000000e+02, 4.33599999999999994316e+01, 3.88586000000000012733e+02, 3.96899999999999977263e+02, 2019/5/7/15:57, 3.99935351353758846926e+02, 3.70784410863670018443e+02
6.36000000000000000000e+02, 4.33599999999999994316e+01, 3.86500999999999976353e+02, 3.96529999999999972715e+02, 2019/5/7/15:58, 3.99935351353758846926e+02, 3.70784410863670018443e+02
6.30000000000000000000e+02, 4.30499999999999971578e+01, 3.83882000000000005002e+02, 3.97860000000000013642e+02, 2019/5/7/15:59, 3.96589198575682928549e+02, 3.71188833319750358442e+02
