8.60999965667724609375e+00, 6.17500007152557373047e-01, 8.15999984741210937500e+00, 4.90333348512649536133e-01, 2.98149999999999977263e+02, 6.66989949248854863129e+00, 2.99726015493272726631e-02, 1.10250000000000019946e-11, 1.67693538707751699235e+00, 8.33128230819111195160e+03, 5.13574209386105889045e-06, 8.60999965667727096275e+00, 1.03505585431670765750e+00
6.66343815180798770825e+00, 5.68215246403487750371e-01, 6.16591931988394925668e+00, 4.50739248333933140156e-01, 3.18429999999999949978e+02, 4.35808271330105068131e+00, 5.61928095559587337249e-02, 3.21874519845793887795e-07, 1.64992998599729689957e+00, 2.40196459714581668377e+07, 2.36098715667031646944e-05, 6.66343815292657648541e+00, 8.74085437613272731028e-01
6.71602806073689517774e+00, 5.68029522265422803784e-01, 6.21096960601800152091e+00, 4.50600503718594225244e-01, 3.18639999999999986358e+02, 4.38150136645827359416e+00, 5.65891758137969450027e-02, 1.76617798914988821175e-06, 1.65263052610531890885e+00, 1.10894080190228000283e+07, 2.45911249869645669435e-05, 6.71602806716681310917e+00, 8.67627758959555128726e-01
6.71628129805494644700e+00, 5.67829131817403576221e-01, 6.21018929730722213378e+00, 4.50439184051543983767e-01, 3.18740000000000009095e+02, 4.37713566303074053110e+00, 5.66900764986708674553e-02, 7.79405406241615751611e-07, 1.65293058611732135432e+00, 8.06662593492342624813e+06, 2.48544300689381607913e-05, 6.71628130092147035413e+00, 8.66097814353973927126e-01
6.76888141499977624704e+00, 5.67641356639579597321e-01, 6.25518842635312388722e+00, 4.50299058487869829914e-01, 3.18949999999999988631e+02, 4.40032552823304357048e+00, 5.70888065289081175768e-02, 1.81566979397982573899e-06, 1.65563112622534336360e+00, 6.06190822045943513513e+06, 2.58829806409540371986e-05, 6.76888142199325937298e+00, 8.59619728620869549829e-01
6.82174694035856266083e+00, 5.67251085989673775600e-01, 6.29934741435397604903e+00, 4.49996252422333486987e-01, 3.19259999999999990905e+02, 4.41887161270972672611e+00, 5.75914259836520295299e-02, 1.42894681384863836638e-06, 1.65863172634536781835e+00, 1.31094229160870779306e+07, 2.72369815019083987733e-05, 6.82174694617832333421e+00, 8.51582463793060018276e-01
6.87436551025524966718e+00, 5.67059374260803439327e-01, 6.34425210193682875826e+00, 4.49853424858425499089e-01, 3.19469999999999970441e+02, 4.44164619733808674340e+00, 5.79941646495944623796e-02, 1.73713282894688344727e-06, 1.66133226645338982763e+00, 7.59602019559620618820e+08, 2.83553690543105411232e-05, 6.87436551765980752293e+00, 8.45070909491160260352e-01
6.87462463681325530729e+00, 5.66858738584274046701e-01, 6.34344645235567217156e+00, 4.49692105191375257611e-01, 3.19569999999999993179e+02, 4.43713841142625309288e+00, 5.80970345350978883969e-02, 6.23654485155336756429e-07, 1.66163232646539227311e+00, 1.34706552591492384672e+07, 2.86558254443267375702e-05, 6.87462463949862456758e+00, 8.43516087097481159773e-01
6.92751450436385507459e+00, 5.66464342086871908144e-01, 6.38748542123929397007e+00, 4.49386636033343500607e-01, 3.19879999999999995453e+02, 4.45512471128287756983e+00, 5.86056321600114393799e-02, 2.71814058789633304186e-06, 1.66433286657341428239e+00, 1.28331253998703346588e+06, 3.00753002699795917850e-05, 6.92751451672515372593e+00, 8.35735952036686935429e-01
7.03253570535889149795e+00, 5.66272137472876191389e-01, 6.47787661855209684347e+00, 4.49255765810596618959e-01, 3.20199999999999988631e+02, 4.50420680551551644299e+00, 5.93173836527733921997e-02, 2.79946135129722018786e-06, 1.66943388677745585547e+00, 2.77795365406025107950e+06, 3.22317791156058767663e-05, 7.03253571914441977242e+00, 8.24195119030990408504e-01
6.97962738485643274799e+00, 5.66670312803638331900e-01, 6.43393178399856502381e+00, 4.49563822769305787563e-01, 3.19889999999999986358e+02, 4.48663651664101070793e+00, 5.88046043648852018171e-02, 1.38999636313461182061e-06, 1.66673334666943384619e+00, 3.69847048295788932592e+06, 3.07190880465698198032e-05, 6.97962739134630272275e+00, 8.32008563481761886926e-01
7.03227068956092971064e+00, 5.66473013447505335805e-01, 6.47870674178727412595e+00, 4.49417085477646860436e-01, 3.20099999999999965894e+02, 4.50885113480172528000e+00, 5.92123265107513466199e-02, 7.63768342921935578020e-07, 1.66943388677745585547e+00, 2.82049379335705041885e+07, 3.19672728007894187434e-05, 7.03227069328984377705e+00, 8.25457599195646429813e-01
7.08518921807930812662e+00, 5.66072946021863643296e-01, 6.52260008061341700625e+00, 4.49107761844481978564e-01, 3.20409999999999968168e+02, 4.52618776566060621036e+00, 5.97275110846590961966e-02, 1.82573334979073564644e-06, 1.67213442688547786474e+00, 1.57289364472109545022e+06, 3.35361637318343163111e-05, 7.08518922748504387243e+00, 8.17622887847094470537e-01
7.13785097573566318374e+00, 5.65871965914555796751e-01, 6.56728021178977439121e+00, 4.48958508839695180637e-01, 3.20620000000000004547e+02, 4.54798020114572132400e+00, 6.01393272185041030675e-02, 5.82556602588930949229e-07, 1.67483496699349987402e+00, 8.53724371266738697886e+06, 3.48886113249951510537e-05, 7.13785097887140906892e+00, 8.11037315688845739103e-01
7.19052097832795489296e+00, 5.65669220529634642070e-01, 6.61191698998467725090e+00, 4.48808024059624832702e-01, 3.20829999999999984084e+02, 4.56958354502724972690e+00, 6.05528414988029464738e-02, 2.23179752778878036303e-06, 1.67723544708951943782e+00, 1.19550994448031904176e+06, 3.62116029389461622102e-05, 7.19052099087556495505e+00, 8.04749394744486590270e-01
7.24347209397408153819e+00, 5.65263543707321902687e-01, 6.65564662325348521676e+00, 4.48495004738715008497e-01, 3.21139999999999986358e+02, 4.58616429586651364048e+00, 6.10758667182646278193e-02, 2.24830606639392486490e-06, 1.67993598719754144710e+00, 1.73914945076308702119e+06, 3.79705097200865978788e-05, 7.24347210728690615866e+00, 7.96836974240247686296e-01
7.29616054951823134189e+00, 5.65057258978524434845e-01, 6.70018829230974510835e+00, 4.48342106760797054488e-01, 3.21349999999999965894e+02, 4.60734108548653331638e+00, 6.14935158433378148413e-02, 1.70777852278902712058e-07, 1.68263652730556345638e+00, 5.62163334530778646469e+08, 3.94854376544316151474e-05, 7.29616055057414314433e+00, 7.90202482236969871998e-01
7.34885724999831868587e+00, 5.64849276761863361429e-01, 6.74468650776106493083e+00, 4.48188026666566985412e-01, 3.21559999999999945430e+02, 4.62832688238878198206e+00, 6.19128868687740530063e-02, 9.38814042723150909658e-07, 1.68503700740158302018e+00, 4.03989649238586425781e+06, 4.09670153622432658904e-05, 7.34885725605373352209e+00, 7.83861281200273429803e-01
7.40128343805648380993e+00, 5.64841037211969987375e-01, 6.79003009572974303154e+00, 4.48194099998273698393e-01, 3.21669999999999959073e+02, 4.65409458459595448687e+00, 6.22240587141231135671e-02, 2.84102958564537181951e-06, 1.68713742748560013851e+00, 2.00729440802779514343e+06, 4.20661961763255234448e-05, 7.40128345698515754947e+00, 7.79136160457963744541e-01
7.45399466532845966782e+00, 5.64629799724430059271e-01, 6.83444974251950299049e+00, 4.48037702973582196986e-01, 3.21879999999999995453e+02, 4.67474388543343355451e+00, 6.26461952187701426320e-02, 3.09801329985819799443e-06, 1.68953790758161970231e+00, 1.29143592173880385235e+06, 4.36357884264561865593e-05, 7.45399468685371502374e+00, 7.72771668705055869708e-01
7.50671413753637040145e+00, 5.64416927571508075800e-01, 6.87882588295398900158e+00, 4.47880170496676499603e-01, 3.22089999999999974989e+02, 4.69520064465777320351e+00, 6.30700805152371313245e-02, 3.10372645427666135642e-06, 1.69193838767763926612e+00, 1.62702245977264572866e+06, 4.52587866834415399747e-05, 7.50671416001066571511e+00, 7.66391422735456462334e-01
7.50699682105419441314e+00, 5.64215358287184387542e-01, 6.87792016664235994483e+00, 4.47718850829626258125e-01, 3.22189999999999997726e+02, 4.69013253943172525595e+00, 6.31814128246779849185e-02, 1.65283197885982699564e-06, 1.69223844768964171159e+00, 1.06926931325455941260e+07, 4.57222774844456792895e-05, 7.50699683313164811693e+00, 7.64743999489882364529e-01
7.55972650127802570097e+00, 5.64000797114461382975e-01, 6.92224429713279487686e+00, 4.47560197831511408229e-01, 3.22399999999999977263e+02, 4.71034857679162843880e+00, 6.36077515877706695102e-02, 1.38999636313461182061e-06, 1.69463892778566127539e+00, 1.76856614725232170895e+06, 4.74162119176039836745e-05, 7.55972651186797062195e+00, 7.58340369008058123867e-01
7.61275103611558900951e+00, 5.63582923802518065415e-01, 6.96560147422166675568e+00, 4.47239119278230234933e-01, 3.22709999999999979536e+02, 4.72520299576768465499e+00, 6.41484370810459225698e-02, 2.34562786942131103120e-06, 1.69703940788168083920e+00, 5.10164368040254898369e+06, 4.95630152470480763111e-05, 7.61275105487608882981e+00, 7.50555838683360621033e-01
7.66521059653350000929e+00, 5.63566912078666049091e-01, 7.01076174683417718825e+00, 4.47239588514054708934e-01, 3.22819999999999993179e+02, 4.75019836868680300768e+00, 6.44657180273561919437e-02, 1.77842300757624214044e-07, 1.69943988797770040300e+00, 2.53738980998394191265e+07, 5.09774286070183358559e-05, 7.66521059800350901270e+00, 7.45485515423270905799e-01
7.71796501156514125341e+00, 5.63347626806362522522e-01, 7.05495500373055950405e+00, 4.47077660598661108526e-01, 3.23029999999999972715e+02, 4.76983094531679263639e+00, 6.48973594067192155466e-02, 2.14314359909557638326e-06, 1.70154030806171752133e+00, 1.13230599841262982227e+06, 5.27375088460597772492e-05, 7.71796502999982880766e+00, 7.39332695401798023482e-01
7.71825554740290620259e+00, 5.63145761737312344763e-01, 7.05401453887554286126e+00, 4.46916340931610867049e-01, 3.23129999999999995453e+02, 4.76456700879580630215e+00, 6.50113235334990186010e-02, 6.02200358073388053688e-07, 1.70184036807371996680e+00, 1.81078256021600700915e+07, 5.32715135295571063289e-05, 7.71825555262841866977e+00, 7.37651365534409464431e-01
7.77131266936821862856e+00, 5.62722929009530581368e-01, 7.09720576602367803076e+00, 4.46592029650955235631e-01, 3.23439999999999997726e+02, 4.77863884891023005252e+00, 6.55599387068619976482e-02, 7.25365962520596672852e-07, 1.70424084816973953060e+00, 3.72368960014371201396e+07, 5.56602819055512359212e-05, 7.77131267597416375281e+00, 7.29779774086635857344e-01
7.87746342658656217850e+00, 5.61872294780907166611e-01, 7.18340296567515590453e+00, 4.45940269807318823148e-01, 3.24059999999999945430e+02, 4.80588700518903078063e+00, 6.66661767294333407197e-02, 1.12407482209102361788e-07, 1.70904180836177865821e+00, 5.80128089965317770839e+07, 6.07361196901949051681e-05, 7.87746342771346785838e+00, 7.13923663388928542162e-01
7.82497088642490634669e+00, 5.61894412996601477772e-01, 7.13841506785930235424e+00, 4.45944028856251228898e-01, 3.23949999999999988631e+02, 4.78166011080983199832e+00, 6.63412297438277509531e-02, 2.02696584377523912928e-07, 1.70694138827776153988e+00, 1.14834662765316087753e+07, 5.91986607982611799292e-05, 7.82497088839555576811e+00, 7.18752594533222710638e-01
7.82526534842263998826e+00, 5.61692402702734905340e-01, 7.13745391515897775747e+00, 4.45782709189201042932e-01, 3.24049999999999954525e+02, 4.77627729604307305067e+00, 6.64558536784855269364e-02, 1.43951669007952191383e-06, 1.70694138827776153988e+00, 1.81592972921767574735e+06, 5.96690578673705166748e-05, 7.82526536253188353953e+00, 7.17335010459849709008e-01
7.87835270181971836223e+00, 5.61266048003626782936e-01, 7.18049345000674321682e+00, 4.45456310806168098715e-01, 3.24359999999999956799e+02, 4.78959165864775116006e+00, 6.70120708307579693308e-02, 8.75333391532663560368e-07, 1.70934186837378110368e+00, 2.35923121084645902738e+06, 6.23207208758597917255e-05, 7.87835271081852095421e+00, 7.09352109035895628253e-01
7.87864912689743679408e+00, 5.61063965744533321711e-01, 7.17952220605385882379e+00, 4.45294991139117857237e-01, 3.24459999999999979536e+02, 4.78415105157469611186e+00, 6.71270848166821421099e-02, 2.05801127976651947209e-06, 1.70934186837378110368e+00, 1.37702891991042485461e+06, 6.28141591943253232468e-05, 7.87864914822334849731e+00, 7.07918271658421582870e-01
7.93145222631270385705e+00, 5.60838070157755663736e-01, 7.22347086872681032332e+00, 4.45128888504198738651e-01, 3.24669999999999959073e+02, 4.80260456744635355619e+00, 6.75712668374336272725e-02, 2.85151773108337534007e-06, 1.71144228845779822201e+00, 1.37611074118793476373e+06, 6.49468788889476472508e-05, 7.93145225701316469724e+00, 7.01617494714453782123e-01
7.93115383815500063491e+00, 5.61040223957840589186e-01, 7.22445084039787221997e+00, 4.45290208171249035640e-01, 3.24569999999999993179e+02, 4.80809441177464158557e+00, 6.74555836037037115371e-02, 1.70856532237584612458e-06, 1.71144228845779822201e+00, 3.79158108529523760080e+06, 6.44377832070325740239e-05, 7.93115385640284387136e+00, 7.03061401546453579314e-01
7.98396321942621955969e+00, 5.60812937600964844798e-01, 7.26836420159437412991e+00, 4.45123094373365335574e-01, 3.24779999999999972715e+02, 4.82639776228793149215e+00, 6.79008803499585172903e-02, 2.32411874180810926316e-06, 1.71354270854181534034e+00, 3.24165530265923542902e+06, 6.66204853695633709108e-05, 7.98396324521364419979e+00, 6.96751974347674440935e-01
7.98336251695084264668e+00, 5.61217387445216764341e-01, 7.27033951006863610189e+00, 4.45445733707465818529e-01, 3.24579999999999984084e+02, 4.83746284161053630157e+00, 6.76677495169558385069e-02, 2.87790780215240509036e-06, 1.71324264852981289486e+00, 5.09200873505515232682e+07, 6.54470645718346536292e-05, 7.98336254833783787177e+00, 6.99937159652444629288e-01
8.03587390268035406393e+00, 5.61191092832305615801e-01, 7.31522170457407128197e+00, 4.45438940928415405551e-01, 3.24689999999999997726e+02, 4.86124061732256240731e+00, 6.79960582035036426030e-02, 2.24416751877173442520e-06, 1.71534306861383001319e+00, 1.00484664242754736915e+06, 6.71312261523695141471e-05, 8.03587392792740118352e+00, 6.95082481402639396073e-01
7.98306216571315463426e+00, 5.61419612367342724113e-01, 7.27132609164734677876e+00, 4.45607053374516060007e-01, 3.24479999999999961346e+02, 4.84298864303060927483e+00, 6.75509680852983546151e-02, 1.74998234778175168896e-06, 1.71324264852981289486e+00, 9.75340182794863544405e+06, 6.49341192922104807434e-05, 7.98306218465370598381e+00, 7.01381507454936325985e-01
8.08930243937880710803e+00, 5.60556411603035265045e-01, 7.35706428750067775724e+00, 4.44947202779617023705e-01, 3.25099999999999965894e+02, 4.86803797310314223523e+00, 6.86790275365058988655e-02, 1.89426419030945726872e-06, 1.71774354870984957699e+00, 2.27639583713491400704e+06, 7.06353905542184183847e-05, 8.08930246188100277038e+00, 6.85547331979475704777e-01
8.14244083285549535844e+00, 5.60122473186039138149e-01, 7.39983973654621252081e+00, 4.44615809979667542251e-01, 3.25409999999999968168e+02, 4.88010532639878302774e+00, 6.92475263154414821809e-02, 2.22256480099578195098e-07, 1.72014402880586914080e+00, 7.28272927932423353195e+07, 7.37301955302279685188e-05, 8.14244083562178566638e+00, 6.77427950608615714323e-01
8.14274707333313862989e+00, 5.59920037360124966952e-01, 7.39882456287064194100e+00, 4.44454490312617300773e-01, 3.25509999999999990905e+02, 4.87441660717794089663e+00, 6.93658572394248440496e-02, 1.21955755704386892345e-06, 1.72014402880586914080e+00, 5.62556488430080469698e+06, 7.43075822593664188104e-05, 8.14274708862988738645e+00, 6.75944072650901284227e-01
8.19559139742808895335e+00, 5.59686999248367400561e-01, 7.44255255633907975010e+00, 4.44283454688408019351e-01, 3.25719999999999970441e+02, 4.89186606255248435104e+00, 6.98189952753909409688e-02, 1.02562183610078610565e-06, 1.72224444888988625912e+00, 5.42879812108738068491e+06, 7.67941056369686925100e-05, 8.19559141078393693647e+00, 6.69549604601797354597e-01
8.19589960098571701508e+00, 5.59484493925323955743e-01, 7.44152776518488767721e+00, 4.44122135021357777873e-01, 3.25819999999999993179e+02, 4.88612249849533686330e+00, 6.99378331619395915419e-02, 1.97990517181556197225e-06, 1.72224444888988625912e+00, 1.24552883822096302174e+06, 7.73938148917054606754e-05, 8.19589962697489227139e+00, 6.68051890191606378977e-01
8.19620780454334330045e+00, 5.59281988602280510925e-01, 7.44050222928493365515e+00, 4.43960815354307536396e-01, 3.25919999999999959073e+02, 4.88037429409396672497e+00, 7.00565235315880052713e-02, 2.33162440778172809834e-07, 1.72254450890188870460e+00, 1.34682104738579709083e+07, 7.81551021514584613910e-05, 8.19620780763081491216e+00, 6.66272031149339749589e-01
8.24937446637181359677e+00, 5.58844857924999494081e-01, 7.48313294099500669887e+00, 4.43627509180665846600e-01, 3.26229999999999961346e+02, 4.89171683375530363946e+00, 7.06319590197203028836e-02, 7.20039849597574665982e-07, 1.72464492898590582293e+00, 3.74131258569569978863e+06, 8.13880788559822779911e-05, 8.24937447634508558281e+00, 6.58324149486699261580e-01
8.24906429973420074475e+00, 5.59047432351197803868e-01, 7.48416814561791632343e+00, 4.43788828847716143589e-01, 3.26129999999999995453e+02, 4.89752019023482887405e+00, 7.05127673248675257422e-02, 2.48807939163463122043e-06, 1.72434486897390337745e+00, 2.93414712968629645184e+06, 8.05977099651246820140e-05, 8.24906433388373372395e+00, 6.60115764381407288397e-01
8.30224116957859159527e+00, 5.58608869317858913739e-01, 7.52674555386653842959e+00, 4.43454583188026052465e-01, 3.26439999999999997726e+02, 4.90860836572517289511e+00, 7.10906523400537393442e-02, 2.74835529584077290413e-06, 1.72644528905792049578e+00, 5.93712420580556150526e+06, 8.39233203388588488948e-05, 8.30224120902124518295e+00, 6.52135685447261082004e-01
8.30255329929618923757e+00, 5.58406226177758702178e-01, 7.52570063665416189025e+00, 4.43293263520975755476e-01, 3.26539999999999963620e+02, 4.90274958628747192790e+00, 7.12103405877698297788e-02, 9.61571665478139780574e-07, 1.72674534906992294125e+00, 4.52062988479700498283e+06, 8.47437793590048613025e-05, 8.30255331322308443021e+00, 6.50332095576825919281e-01
8.35574430331647022285e+00, 5.57966109740883120516e-01, 7.56820516462871406560e+00, 4.42958089564180867992e-01, 3.26849999999999965894e+02, 4.91347123047560430109e+00, 7.17916606329607187575e-02, 9.65121471339913836830e-07, 1.72884576915394005958e+00, 3.17487661215045629069e+06, 8.82264167535531002333e-05, 8.35574431793149585701e+00, 6.42295605343750519722e-01
8.40831536667752388325e+00, 5.57930083543923038825e-01, 7.61277454606474623944e+00, 4.42944637630980964094e-01, 3.26959999999999979536e+02, 4.93581653330326286522e+00, 7.21344263206857849724e-02, 1.75968182347022852781e-06, 1.73064612922595473243e+00, 2.65466081131481612101e+06, 9.02594668960748257791e-05, 8.40831539407523997909e+00, 6.37596934310499463550e-01
8.35511611772130535769e+00, 5.58371532679653337361e-01, 7.57031374465640549687e+00, 4.43280728898281350947e-01, 3.26649999999999977263e+02, 4.92529542702374101282e+00, 7.15511504724704872071e-02, 1.92948830085499783841e-06, 1.72854570914193761411e+00, 1.26063898040099116042e+06, 8.67033456575129609853e-05, 8.35511614646610389912e+00, 6.45651772982241856091e-01
8.35480202492372292511e+00, 5.58574244149038445784e-01, 7.57136688405058499995e+00, 4.43442048565331647936e-01, 3.26549999999999954525e+02, 4.93120039642968244209e+00, 7.14306701490439871494e-02, 1.08590596723207452942e-06, 1.72854570914193761411e+00, 2.07743385677022160962e+06, 8.60366216557820960272e-05, 8.35480204097712153555e+00, 6.47188252360537674690e-01
8.40768325492238766117e+00, 5.58335642381133423484e-01, 7.61489962195409120227e+00, 4.43267276965081447049e-01, 3.26759999999999990905e+02, 4.94773346435403471588e+00, 7.18923370987656767950e-02, 1.40480027677442144633e-07, 1.73064612922595473243e+00, 2.00696983896903127432e+08, 8.88800332871619023275e-05, 8.40768325707661645652e+00, 6.40694841722661667660e-01
8.46057272985699171386e+00, 5.58095721847619241629e-01, 7.65838788163479833315e+00, 4.43091598843471989877e-01, 3.26969999999999970441e+02, 4.96406101062449955919e+00, 7.23558193734057664148e-02, 1.63466117117784437478e-06, 1.73244648929796940529e+00, 1.61833083722748421133e+06, 9.16274761756696637296e-05, 8.46057275582968948413e+00, 6.34453217687520498735e-01
8.51283048565245614725e+00, 5.58260325374117183372e-01, 7.70398978714071525076e+00, 4.43237664131041819715e-01, 3.26979999999999961346e+02, 4.99228550082392263931e+00, 7.25758792648518724633e-02, 1.42107037010966845040e-06, 1.73424684936998407814e+00, 1.70441714142795768566e+06, 9.30129554605006991222e-05, 8.51283050868890889262e+00, 6.31317075548282535813e-01
8.40894747843266010534e+00, 5.57524524706712654165e-01, 7.61064637212301331459e+00, 4.42621998296880481139e-01, 3.27159999999999968168e+02, 4.92388044111245015699e+00, 7.23759113445935076125e-02, 7.40216792082976991972e-07, 1.73094618923795717791e+00, 5.98277154108138196170e+06, 9.18403368451961062005e-05, 8.40894749014877618265e+00, 6.34214217352785825099e-01
8.46248084360230734546e+00, 5.56878639894236138197e-01, 7.65194900136788280776e+00, 4.42123680841170596523e-01, 3.27569999999999993179e+02, 4.92794438778149412883e+00, 7.30840822112360094520e-02, 1.04661997479268254479e-06, 1.73304660932197429624e+00, 3.05468137965699750930e+06, 9.63251975385898931599e-05, 8.46248086104650099060e+00, 6.24511455849122487649e-01
8.51539034195275590378e+00, 5.56637011816904836436e-01, 7.69533820870791807067e+00, 4.41947106794639943406e-01, 3.27779999999999972715e+02, 4.94375624108876809970e+00, 7.35531725098611255387e-02, 2.20726172246720842444e-06, 1.73484696939398896909e+00, 9.59929481309240101837e+05, 9.92848223113903741036e-05, 8.51539038006207782416e+00, 6.18180450191250674408e-01
8.62091016526395392816e+00, 5.56352953252317705690e-01, 7.78308485152393547679e+00, 4.41752632043548809637e-01, 3.28099999999999965894e+02, 4.98094259972166586437e+00, 7.43738926532831606808e-02, 7.96829371995980584404e-07, 1.73874774955002076027e+00, 6.67487246876606065780e+06, 1.04859909114797948443e-04, 8.62091017991852481828e+00, 6.06796541889913276790e-01
8.56734224988657189215e+00, 5.57003038887511792154e-01, 7.74196031300368048278e+00, 4.42253606232670015697e-01, 3.27689999999999997726e+02, 4.97775066030069979206e+00, 7.36568473691380787294e-02, 1.09393838072765224305e-06, 1.73664732946600364194e+00, 1.05722576631607543677e+07, 1.00010064325943795363e-04, 8.56734226900255357862e+00, 6.16612695697514645587e-01
8.56702030476905029843e+00, 5.57206019917692363386e-01, 7.74305126701512858034e+00, 4.42414925899720257174e-01, 3.27589999999999974989e+02, 4.98387102645544821655e+00, 7.35341333714047140635e-02, 3.82738051473418435854e-07, 1.73664732946600364194e+00, 1.10420495350683759898e+07, 9.92483775331313126814e-05, 8.56702031140760489336e+00, 6.18200399345721129940e-01
8.51443039584014371712e+00, 5.57245754400859438782e-01, 7.69858846539652486030e+00, 4.42431065795790612327e-01, 3.27479999999999961346e+02, 4.96199122458031638416e+00, 7.31878342984481899958e-02, 2.60056716512196717136e-06, 1.73454690938198652361e+00, 5.22129394697763025761e+06, 9.68409958760737188052e-05, 8.51443043966085788554e+00, 6.23199480973170016895e-01
8.67286482150974968874e+00, 5.56716909819438221518e-01, 7.82967913038372742562e+00, 4.42057390943158434737e-01, 3.28009999999999990905e+02, 5.01486939754290617088e+00, 7.44763622699248228898e-02, 2.05801127976651947209e-06, 1.74024804961003298764e+00, 1.05979411715145409107e+06, 1.05413293681938199410e-04, 8.67286485978380916606e+00, 6.05515533434810127034e-01
8.61993844067143122345e+00, 5.56962095761480369127e-01, 7.78638755761186995841e+00, 4.42236591044699534070e-01, 3.27799999999999954525e+02, 4.99947442920324292004e+00, 7.40043367064888435447e-02, 1.30559423234652380476e-06, 1.73844768953801831479e+00, 1.55560164599338406697e+06, 1.02288306943596577782e-04, 8.61993846412336495177e+00, 6.11869650384771479601e-01
8.62026234886893938381e+00, 5.56759048258426259004e-01, 7.78528745905273833472e+00, 4.42075271377649292592e-01, 3.27899999999999977263e+02, 4.99330209732016250257e+00, 7.41276767137248465689e-02, 1.98721432955907054266e-06, 1.73844768953801831479e+00, 1.20540907468434073962e+06, 1.03071763480162259508e-04, 8.62026238483363016485e+00, 6.10270320388551223978e-01
8.62058625706644576780e+00, 5.56556000755372037858e-01, 7.78418655731673148068e+00, 4.41913951710598995604e-01, 3.28000000000000000000e+02, 4.98712482001072743287e+00, 7.42508620021153226132e-02, 1.25546561363106535325e-07, 1.73874774955002076027e+00, 2.11821802448030039668e+07, 1.04063959600533524966e-04, 8.62058625935822675501e+00, 6.08403026889908105090e-01
8.62155798165896847252e+00, 5.55946858246209263399e-01, 7.78087902424188282424e+00, 4.41429992709448326682e-01, 3.28299999999999954525e+02, 4.96856334005851518754e+00, 7.46194903693869759920e-02, 2.12349122807487604415e-06, 1.73874774955002076027e+00, 1.71101745813833773136e+07, 1.06468645029310384734e-04, 8.62155802129317194726e+00, 6.03571453821512893256e-01
8.67449417789721266558e+00, 5.55701341732266707041e-01, 7.82412465433695381023e+00, 4.41250792607907282861e-01, 3.28509999999999990905e+02, 4.98369709551641104639e+00, 7.50946216117816534030e-02, 2.34023199709342432284e-07, 1.74084816963403787859e+00, 5.72103107425481915474e+08, 1.09925888229347104162e-04, 8.67449418242545888802e+00, 5.96899887250749272560e-01
8.62188188985647663287e+00, 5.55743810743155042253e-01, 7.77977490098635993121e+00, 4.41268673042398085204e-01, 3.28399999999999977263e+02, 4.96236630564459346715e+00, 7.47420575965152406139e-02, 2.40580993202889010924e-07, 1.73904780956202320574e+00, 1.41069738395130019635e+07, 1.07490773753065568851e-04, 8.62188189438722751845e+00, 6.01692598321592275745e-01
8.67482004917470383987e+00, 5.55498228114832404145e-01, 7.82301132140115740299e+00, 4.41089472940856985872e-01, 3.28609999999999956799e+02, 4.97744770018365390030e+00, 7.52178071740941672774e-02, 8.60938353917942191008e-07, 1.74084816963403787859e+00, 3.84205399835102353245e+06, 1.10763329208113619866e-04, 8.67482006595876953270e+00, 5.95270300896658999257e-01
8.62220579805398301687e+00, 5.55540763240100821108e-01, 7.77866997014150918233e+00, 4.41107353375347788216e-01, 3.28500000000000000000e+02, 4.95616433817150525698e+00, 7.48644705108038877039e-02, 8.89969116656526916575e-07, 1.73904780956202320574e+00, 3.46520783931504655629e+06, 1.08310792342749162738e-04, 8.62220581494034377101e+00, 6.00070877837395766363e-01
8.67514592045219679051e+00, 5.55295114497398101250e-01, 7.82189717380883475784e+00, 4.40928153273806799906e-01, 3.28709999999999979536e+02, 4.97119333240309657640e+00, 7.53408374907731798187e-02, 1.48258385028707626904e-06, 1.74084816963403787859e+00, 2.14551637426936067641e+06, 1.11606637496695408293e-04, 8.67514594957179951962e+00, 5.93636615527431854566e-01
8.67547179172968974115e+00, 5.55092000879963798354e-01, 7.82078221066550050011e+00, 4.40766833606756558428e-01, 3.28809999999999945430e+02, 4.96493399471366725351e+00, 7.54637126427044613308e-02, 2.10014611422589204793e-06, 1.74084816963403787859e+00, 4.74267748040349036455e+06, 1.12455853401627949581e-04, 8.67547183327923399077e+00, 5.91998718255515199438e-01
8.62252970625149117723e+00, 5.55337715737046599962e-01, 7.77756423082095871280e+00, 4.40946033708297602249e-01, 3.28599999999999965894e+02, 4.94995744015265248805e+00, 7.49867291928232454490e-02, 1.53257644244175630929e-06, 1.73904780956202320574e+00, 1.05395158250079955906e+06, 1.09136561128928769992e-04, 8.62252973555497526092e+00, 5.98445208142175277821e-01
8.56959586570923015358e+00, 5.55582171676247127401e-01, 7.73430129299091717598e+00, 4.41124368563318380865e-01, 3.28389999999999986358e+02, 4.93477086663271968803e+00, 7.45115439609864566028e-02, 8.02723494686555513911e-07, 1.73724744949000853289e+00, 4.82184225731231179088e+06, 1.05907188473821443756e-04, 8.56959588053097753857e+00, 6.04867510873291824858e-01
8.56991781082675174730e+00, 5.55379190646066445147e-01, 7.73320394506141539637e+00, 4.40963048896268083876e-01, 3.28490000000000009095e+02, 4.92861132128090151383e+00, 7.46330299575211769669e-02, 1.46898873332550791620e-06, 1.73724744949000853289e+00, 1.83452835048326663673e+06, 1.06715746436426066833e-04, 8.56991783815624330600e+00, 6.03249662488562043983e-01
8.67644940556216504035e+00, 5.54482660027660889668e-01, 7.81743241896488605391e+00, 4.40282874605605833995e-01, 3.29109999999999956799e+02, 4.94612618778275958675e+00, 7.58314079156877512977e-02, 1.40286042580865966455e-06, 1.74114822964604032407e+00, 3.28763929698733091354e+07, 1.15262172209902488381e-04, 8.67644943397749912606e+00, 5.86805901973376009551e-01
8.72907779085877777447e+00, 5.54438681776361574904e-01, 7.86170427935447957424e+00, 4.40264138794869697158e-01, 3.29219999999999970441e+02, 4.96706092219509987018e+00, 7.61890063224923003160e-02, 1.16895722870770175457e-06, 1.74294858971805499692e+00, 3.75689706110744364560e+06, 1.17859471271537986263e-04, 8.72907781518536118881e+00, 5.81962154635090933574e-01
8.67612353428467386607e+00, 5.54685773645095192563e-01, 7.81854983414129378616e+00, 4.40444194272656075473e-01, 3.29009999999999990905e+02, 4.95240041983098411293e+00, 7.57089977748052339601e-02, 8.01245889186188821394e-07, 1.74114822964604032407e+00, 1.13120314236847516149e+07, 1.14393486857533225156e-04, 8.67612355039566374160e+00, 5.88455270598304047702e-01
8.62317752264650572158e+00, 5.54931620730938157671e-01, 7.77535032320080699009e+00, 4.40623394374197174805e-01, 3.28799999999999954525e+02, 4.93752886259814260939e+00, 7.52307841812800415227e-02, 2.72691873462140812186e-07, 1.73934786957402565122e+00, 1.13399574509102962911e+07, 1.11021013747820420595e-04, 8.62317752794412584194e+00, 5.94924279833974889442e-01
8.62350143084401388194e+00, 5.54728573227883936525e-01, 7.77424215312197475214e+00, 4.40462074707146877817e-01, 3.28899999999999977263e+02, 4.93130718815605018079e+00, 7.53525806478054505089e-02, 9.01521433441421266712e-07, 1.73934786957402565122e+00, 1.09487361070219706744e+07, 1.11865762537921125926e-04, 8.62350144848753963345e+00, 5.93287048914975301273e-01
8.62382533904152026594e+00, 5.54525525724829715379e-01, 7.77313317100897727130e+00, 4.40300755040096636339e-01, 3.29000000000000000000e+02, 4.92508059335530656853e+00, 7.54742232022383857659e-02, 1.52412878574272832060e-06, 1.73934786957402565122e+00, 2.64295386235353816301e+06, 1.12716419991094239867e-04, 8.62382536909420771565e+00, 5.91645781175690221865e-01
8.67710114811715094163e+00, 5.54076432792792394899e-01, 7.81519513028475465433e+00, 4.39960235271505406551e-01, 3.29309999999999945430e+02, 4.93356284743592699016e+00, 7.60757637473164355368e-02, 2.58623267711514794943e-06, 1.74114822964604032407e+00, 7.58740185257466393523e+05, 1.17017767320892163391e-04, 8.67710120130601580968e+00, 5.83495055137125295808e-01
8.62414924723902842629e+00, 5.54322478221775383211e-01, 7.77202337596893322313e+00, 4.40139435373046394862e-01, 3.29099999999999965894e+02, 4.91884908077600613296e+00, 7.55957119240984326547e-02, 2.14314359909557638326e-06, 1.73934786957402565122e+00, 2.32607772047654427588e+07, 1.13573030269759224888e-04, 8.62414928980327921693e+00, 5.90000237020589679560e-01
8.67742701939464389227e+00, 5.53873319175357980981e-01, 7.81407525497758559396e+00, 4.39798915604455109563e-01, 3.29409999999999968168e+02, 4.92727374436297704818e+00, 7.61977095975099466552e-02, 6.60311728049710811528e-07, 1.74144828965804276955e+00, 2.52991238538255775347e+06, 1.18132657314137025925e-04, 8.67742703309042262561e+00, 5.81581032009228393598e-01
8.72973345957373147996e+00, 5.54032323021540817898e-01, 7.85945007198469358656e+00, 4.39941499460769214203e-01, 3.29419999999999959073e+02, 4.95440194629258012782e+00, 7.64348921809961390217e-02, 2.31130805470966283486e-06, 1.74294858971805499692e+00, 1.09916632718849251978e+06, 1.19652153424995864915e-04, 8.72973350839665584999e+00, 5.78635017873418644463e-01
8.78204029236881922316e+00, 5.54190358315177489246e-01, 7.90481361074960720003e+00, 4.40083237640089774967e-01, 3.29429999999999949978e+02, 4.98150972847714434977e+00, 7.66708123856466028379e-02, 1.38233461670325575482e-06, 1.74474894979006966977e+00, 1.06768232870391402394e+07, 1.21421303861280987352e-04, 8.78204032213371377225e+00, 5.75444601463605653890e-01
8.83501103881479465940e+00, 5.53940816229635535350e-01, 7.94787777956172902805e+00, 4.39901500340507456421e-01, 3.29639999999999986358e+02, 4.99574619546857245922e+00, 7.71544183632514035676e-02, 1.44483091154425839692e-06, 1.74654930986208434263e+00, 1.28393362070505395532e+07, 1.25081364980016726627e-04, 8.83501107100267546457e+00, 5.68902534084354094546e-01
8.83467927829734911427e+00, 5.54144126079791465855e-01, 7.94902227218278678578e+00, 4.40062820007557642388e-01, 3.29539999999999963620e+02, 5.00217421450801857929e+00, 7.70300275071945927952e-02, 9.16595027138123440914e-07, 1.74654930986208434263e+00, 5.23838020618478301913e+06, 1.24143662353170636074e-04, 8.83467929856948330780e+00, 5.70584483628434502300e-01
8.78171049493135669195e+00, 5.54393603102178667008e-01, 7.90594877446488819572e+00, 4.40244557307140071956e-01, 3.29329999999999984084e+02, 4.98788463167872908599e+00, 7.65470271168645910453e-02, 8.28263827460602903452e-07, 1.74474894979006966977e+00, 3.91438251672613574192e+06, 1.20509245569903368500e-04, 8.78171051263687019173e+00, 5.77114249016095093303e-01
8.88865747739157185947e+00, 5.53283319129034500961e-01, 7.98858649070696547057e+00, 4.39396296931000296393e-01, 3.30049999999999954525e+02, 4.99679165131241820319e+00, 7.78893375152608369305e-02, 2.34995352361616820526e-06, 1.74834966993409901548e+00, 1.02147139255076542031e+06, 1.30790154019473728883e-04, 8.88865753236367872603e+00, 5.58934348094989541522e-01
8.83567455984969107874e+00, 5.53534196529323674341e-01, 7.94558627423707708459e+00, 4.39578861006406973466e-01, 3.29839999999999974989e+02, 4.98287491888150935182e+00, 7.74027270238598630314e-02, 2.48349948358564106903e-06, 1.74654930986208434263e+00, 1.16748803272216045298e+06, 1.26976334499626265654e-04, 8.83567461600759429530e+00, 5.65526070451935369832e-01
8.88799003019670763592e+00, 5.53690068270547675056e-01, 7.99089673635929553797e+00, 4.39718936265100779348e-01, 3.29849999999999965894e+02, 5.00976967797350170031e+00, 7.76398264948502808691e-02, 1.35960183968816564364e-06, 1.74834966993409901548e+00, 1.23160243692639656365e+06, 1.28842086102312668519e-04, 8.88799006153996629109e+00, 5.62335893241680873089e-01
8.94064157983714125066e+00, 5.53641565928988055312e-01, 8.03503367282477043432e+00, 4.39696874290423034282e-01, 3.29959999999999979536e+02, 5.03011437981607389958e+00, 7.80014458902200530366e-02, 6.57883040560689411272e-07, 1.75015003000611368833e+00, 2.17392808841209998354e+06, 1.31715019158201224929e-04, 8.94064159540914005220e+00, 5.57450812409204576880e-01
8.94030589315972434861e+00, 5.53845004881606928215e-01, 8.03619606135128705660e+00, 4.39858193957473220248e-01, 3.29859999999999956799e+02, 5.03664406865979419337e+00, 7.78756932721605538150e-02, 1.75887148457741156988e-07, 1.75015003000611368833e+00, 2.63644947986224628985e+07, 1.30730878883291004372e-04, 8.94030589729210056760e+00, 5.59153163664436014813e-01
8.88732258300184341238e+00, 5.54096817412060960173e-01, 7.99320359425846582724e+00, 4.40041575599201262303e-01, 3.29649999999999977263e+02, 5.02272722507755187138e+00, 7.73896809238702326761e-02, 3.50989496345291412401e-07, 1.74834966993409901548e+00, 1.31919586401537004858e+07, 1.26920738514736301068e-04, 8.88732259097389132307e+00, 5.65720048688089893751e-01
8.83534279933224198089e+00, 5.53737506379479604846e-01, 7.94673244722132565698e+00, 4.39740180673457159433e-01, 3.29740000000000009095e+02, 4.98931309603575012801e+00, 7.72786515084906699968e-02, 1.96536740871826847763e-06, 1.74654930986208434263e+00, 1.05226165424911049195e+06, 1.26025570221821922980e-04, 8.83534284345258669191e+00, 5.67216562865126228132e-01
8.83600632036713662387e+00, 5.53330886679167854858e-01, 7.94443925968312925079e+00, 4.39417541339356731989e-01, 3.29939999999999997726e+02, 4.97643166669159064952e+00, 7.75266449900914311755e-02, 5.36205083986586667280e-07, 1.74684936987408678810e+00, 3.49836240174123086035e+06, 1.28178801586536030878e-04, 8.83600633259663403862e+00, 5.63582744129143664580e-01
8.78368927955612832648e+00, 5.53174134380172044523e-01, 7.89912528586969031608e+00, 4.39276639304838623090e-01, 3.29929999999999949978e+02, 4.94955965138602671516e+00, 7.72873885964718287944e-02, 1.59597346478895479234e-06, 1.74504900980207211525e+00, 8.30745237577715702355e+06, 1.26319567237440511919e-04, 8.78368931525486296152e+00, 5.66784774932450940987e-01
8.78401907699359085768e+00, 5.52970889593170977783e-01, 7.89798511320071305875e+00, 4.39115319637788381613e-01, 3.30029999999999972715e+02, 4.94315454245924357224e+00, 7.74102343735761089238e-02, 2.11958243215778509815e-06, 1.74504900980207211525e+00, 5.07856522371034137905e+06, 1.27271965006050310348e-04, 8.78401912475280788328e+00, 5.65090497972611682798e-01
8.73137263136111840822e+00, 5.53016426134488980892e-01, 7.85380006179545198108e+00, 4.39134901125518062326e-01, 3.29919999999999959073e+02, 4.92266711781326193886e+00, 7.70468835907384824724e-02, 2.58623267711514794943e-06, 1.74324864973005744240e+00, 8.09678968322230735794e+05, 1.24483072875808924032e-04, 8.73137268811975530980e+00, 5.69995073893829085065e-01
8.73170046571859614915e+00, 5.52813246757078657900e-01, 7.85266756815136268699e+00, 4.38973581458467820848e-01, 3.30019999999999981810e+02, 4.91630519255058828776e+00, 7.71688156685535614487e-02, 6.35251428517152014568e-07, 1.74354870974205988787e+00, 1.56600457011698670685e+07, 1.25663279050922647734e-04, 8.73170047977715491072e+00, 5.68057394992868336381e-01
8.78467867186851592010e+00, 5.52564400019168733280e-01, 7.89570225279424864340e+00, 4.38792680303687898657e-01, 3.30229999999999961346e+02, 4.93032925272361310931e+00, 7.76554571006684291046e-02, 6.76318226167338062959e-07, 1.74534906981407456072e+00, 5.02603602243783138692e+06, 1.29443993941611037004e-04, 8.78467868735476642428e+00, 5.61443400048623031395e-01
8.83700160191947681199e+00, 5.52720957128700063343e-01, 7.94099315732411348279e+00, 4.38933582338206007556e-01, 3.30240000000000009095e+02, 4.95707148697148269889e+00, 7.78974543980741479521e-02, 2.04666739355455672090e-06, 1.74684936987408678810e+00, 2.34488711544734751806e+06, 1.31095917133190482257e-04, 8.83700164963202006163e+00, 5.58475143153247755023e-01
8.83733336243692590983e+00, 5.52517647278544132838e-01, 7.93984276720557069495e+00, 4.38772262671155766078e-01, 3.30339999999999974989e+02, 4.95060796177145867603e+00, 7.80207429707965999244e-02, 2.53901925494781708419e-06, 1.74684936987408678810e+00, 1.04419429220485431142e+06, 1.32081770183508208447e-04, 8.83733342207108663047e+00, 5.56764044329275176182e-01
8.83766512295437323132e+00, 5.52314337428388313356e-01, 7.93869153086759826721e+00, 4.38610943004105580112e-01, 3.30439999999999997726e+02, 4.94413937517091284235e+00, 7.81438743948307396048e-02, 5.71921638821835743368e-07, 1.74714942988608923358e+00, 5.70122879537280723453e+07, 1.33328462493736065939e-04, 8.83766513650084739595e+00, 5.54804118811561775004e-01
8.78434887443105516525e+00, 5.52767644806169911043e-01, 7.89684410248366752683e+00, 4.38953999970738195646e-01, 3.30129999999999995453e+02, 4.93674440866269570449e+00, 7.75329238485179955687e-02, 1.62191117690966994881e-07, 1.74534906981407456072e+00, 1.53909279972584806383e+07, 1.28476670874824342805e-04, 8.78434887811775588773e+00, 5.63145437597933118390e-01
8.78500846930597845130e+00, 5.52361155232167666540e-01, 7.89455956320677998406e+00, 4.38631360636637712691e-01, 3.30329999999999984084e+02, 4.92390907738283978290e+00, 7.77778342091848262640e-02, 1.18631467070395281632e-06, 1.74534906981407456072e+00, 3.53490172916455417871e+07, 1.30418013243473385936e-04, 8.78500849666664329618e+00, 5.59736947063061651697e-01
8.78533826674343920615e+00, 5.52157910445166488778e-01, 7.89341603279423065231e+00, 4.38470040969587415702e-01, 3.30429999999999949978e+02, 4.91748388539488345828e+00, 7.79000552530130091489e-02, 1.68978179671680579836e-06, 1.74534906981407456072e+00, 2.23209725915417587385e+06, 1.31398763511827239465e-04, 8.78533830600650311737e+00, 5.58026294094289720960e-01
8.78566806418090173736e+00, 5.51954665658165422037e-01, 7.89227166062820284509e+00, 4.38308721302537229736e-01, 3.30529999999999972715e+02, 4.91105367952792626340e+00, 7.80221203108858729625e-02, 2.18702139590765274934e-06, 1.74534906981407456072e+00, 7.36669848484741174616e+05, 1.32386287787343613978e-04, 8.78566811538561687200e+00, 5.56311401705699482001e-01
8.83899216502416074093e+00, 5.51501098027764591336e-01, 7.93407810461970175453e+00, 4.37965664335904614202e-01, 3.30839999999999974989e+02, 4.91821447033644432167e+00, 7.86348301898422558098e-02, 1.10250000000000019946e-11, 1.74384876975406233335e+00, 8.98341664207340215853e+01, 1.34432729883627010694e-04, 8.83899216502551077213e+00, 5.53728464002988252091e-01
8.83866040450671164308e+00, 5.51704407877920521841e-01, 7.93523273518969318729e+00, 4.38126984002954800168e-01, 3.30740000000000009095e+02, 4.92470327471821089915e+00, 7.85123265682167309487e-02, 3.54891077143158321565e-07, 1.74504900980207211525e+00, 1.40751046413958476933e+02, 1.34487038131303482131e-04, 8.83866043527479483544e+00, 5.53169991689711593175e-01
8.83799688347181877646e+00, 5.52111027578232382851e-01, 7.93753944737614425264e+00, 4.38449623337055283123e-01, 3.30539999999999963620e+02, 4.93766572993817387527e+00, 7.82668487496250286917e-02, 1.05630617636034762741e-06, 1.74714942988608923358e+00, 8.23262919606697466224e+06, 1.34329724573201088117e-04, 8.83799690867463638710e+00, 5.53085013173971518086e-01
8.89065981897616275376e+00, 5.52063071704494867653e-01, 7.98163535243962130039e+00, 4.38428378928698847528e-01, 3.30649999999999977263e+02, 4.95773491156604162455e+00, 7.86340697465481852646e-02, 1.10250000000000019946e-11, 1.74624924985008189715e+00, 1.17755823588957454717e+02, 1.34915474245452524701e-04, 8.89065981897726231864e+00, 5.52649235276193806499e-01
8.94332707325647646712e+00, 5.52014054308036850038e-01, 8.02570376861166856486e+00, 4.38406316954021102461e-01, 3.30759999999999990905e+02, 4.97769126104518733200e+00, 7.90017264571442751064e-02, 2.60416318410859190307e-07, 1.74444888977806722430e+00, 5.16511364265307548749e+01, 1.34708763864971071142e-04, 8.94332712465721968442e+00, 5.53237697505645331653e-01
8.89032609537873241834e+00, 5.52266446275251454701e-01, 7.98279600609226758223e+00, 4.38589698595749089005e-01, 3.30549999999999954525e+02, 4.96425712920179318388e+00, 7.85103431585918026814e-02, 6.43497361553409314474e-07, 1.74744948989809167905e+00, 2.30096938396026985174e+02, 1.34969534063997346216e-04, 8.89032613575526298177e+00, 5.52195014802052686065e-01
8.89132726617102697730e+00, 5.51656322562981693558e-01, 7.97931148087309782824e+00, 4.38105739594598364572e-01, 3.30849999999999965894e+02, 4.94467518536617856029e+00, 7.88810490209125581007e-02, 1.10250000000000019946e-11, 1.74354870974205988787e+00, 5.79767000947737756178e+01, 1.34544502978914084406e-04, 8.89132726617298629890e+00, 5.53782077103634806647e-01
8.94466981996614407535e+00, 5.51200298497561136379e-01, 8.02101818748275618987e+00, 4.37761038285820136551e-01, 3.31159999999999968168e+02, 4.95135625122695266498e+00, 7.94980482283305783797e-02, 1.10250000000000019946e-11, 1.73904780956202320574e+00, 2.69220161686724317462e+01, 1.33959514513807138565e-04, 8.94466981997007337668e+00, 5.55412395893966626126e-01
8.94433413328872717329e+00, 5.51403737450180120305e-01, 8.02219087730334123876e+00, 4.37922357952870433540e-01, 3.31059999999999945430e+02, 4.95794770385887950681e+00, 7.93742060015709682830e-02, 5.41167525608369916333e-07, 1.74024804961003298764e+00, 3.03292935596832613498e+01, 1.34017037940966152318e-04, 8.94433430594988010398e+00, 5.54920536641981043680e-01
8.94399844661130849488e+00, 5.51607176402798993209e-01, 8.02336270346275703957e+00, 4.38083677619920619506e-01, 3.30959999999999979536e+02, 4.96453402493826168040e+00, 7.92502050172119443250e-02, 1.10250000000000019946e-11, 1.74174834967004521502e+00, 3.53530660194987689238e+01, 1.34334990197946700305e-04, 8.94399844661436560500e+00, 5.54277508981208311134e-01
8.94366275993389336918e+00, 5.51810615355417866112e-01, 8.02453366691474911931e+00, 4.38244997286970860984e-01, 3.30859999999999956799e+02, 4.97111521161303659966e+00, 7.91260451956693755537e-02, 1.10250000000000019946e-11, 1.74324864973005744240e+00, 4.27318363105587835094e+01, 1.34654278549258124087e-04, 8.94366275993646908660e+00, 5.53834920492478510745e-01
8.89099354257359486553e+00, 5.51859697133738391628e-01, 7.98047384434785378460e+00, 4.38267059261648661561e-01, 3.30750000000000000000e+02, 4.95120759601752791212e+00, 7.87576383408152558285e-02, 3.05690623423315531331e-07, 1.74474894979006966977e+00, 7.56722215029798803698e+01, 1.34598894605483701114e-04, 8.89099358584690335761e+00, 5.53203540799649617909e-01
8.99734924534236313320e+00, 5.51149974683039389767e-01, 8.06502465370598642380e+00, 4.37738167798479071990e-01, 3.31269999999999981810e+02, 4.97100393130562068222e+00, 7.98691389327621653615e-02, 1.44150722868914298678e-07, 1.73724744949000853289e+00, 2.07046408969312665249e+01, 1.33744958253219679107e-04, 8.99734931148190852923e+00, 5.55969083375038808370e-01
8.99701159558495966451e+00, 5.51353477682533399395e-01, 8.06620597340458900248e+00, 4.37899487465529257957e-01, 3.31169999999999959073e+02, 4.97764436405723387224e+00, 7.97445506604647497140e-02, 1.10250000000000019946e-11, 1.73874774955002076027e+00, 2.30333180592673798515e+01, 1.34065888700282876854e-04, 8.99701159558953555972e+00, 5.55472412240028190489e-01
9.05003298949454837441e+00, 5.51098613067701248447e-01, 8.10900360220701443836e+00, 4.37714497699814686360e-01, 3.31379999999999995453e+02, 4.99053795877854966534e+00, 8.02406770020840515167e-02, 6.73830665300683219418e-07, 1.73544708941799386004e+00, 1.68342474898663816418e+01, 1.33528136799332549332e-04, 9.05003336817555492644e+00, 5.56675337931212488307e-01
9.05037260233193485703e+00, 5.50895046352631312381e-01, 8.10781275804986023559e+00, 4.37553178032764389371e-01, 3.31479999999999961346e+02, 4.98384321272710728579e+00, 8.03658495408342832267e-02, 1.10250000000000019946e-11, 1.73424684936998407814e+00, 1.56975292267736232787e+01, 1.33467569287264696282e-04, 9.05037260233856066804e+00, 5.57119155453113967802e-01
8.99768689509976482555e+00, 5.50946471683545491160e-01, 8.06384246298278029030e+00, 4.37576848131428830513e-01, 3.31370000000000004547e+02, 4.96435832767993190373e+00, 7.99935675258711953450e-02, 7.65176834771614433971e-07, 1.73574714942999630551e+00, 1.88660954460566578916e+01, 1.33425170580252428409e-04, 8.99768727856549332955e+00, 5.56643517403393461862e-01
9.04969337665716011543e+00, 5.51302179782771073491e-01, 8.11019356891638310003e+00, 4.37875817366864872326e-01, 3.31279999999999972715e+02, 4.99722749167783142354e+00, 8.01153437835684517632e-02, 6.47339859006588291506e-08, 1.73694738947800608742e+00, 1.82932345161779927878e+01, 1.33848540120102611241e-04, 9.04969341026251861138e+00, 5.56001328001478611895e-01
9.10340420425744412114e+00, 5.50638964352233362121e-01, 8.15055513766002093234e+00, 4.37367397408176039608e-01, 3.31689999999999997726e+02, 4.99646489120016124019e+00, 8.08643394047188768248e-02, 1.10250000000000019946e-11, 1.73124624924995962338e+00, 1.26215203088055520908e+01, 1.33184573690514314673e-04, 9.10340420426566865331e+00, 5.58331278977826417353e-01
9.10306262834007284823e+00, 5.50842594455206335802e-01, 8.15175553726048818248e+00, 4.37528717075226281086e-01, 3.31589999999999974989e+02, 5.00321415256118307013e+00, 8.07385856260493250947e-02, 2.51921546837837231745e-07, 1.73244648929796940529e+00, 1.33240318694079835637e+01, 1.33245420578710437693e-04, 9.10306280662724631725e+00, 5.57726648645934131032e-01
9.10374578017481539405e+00, 5.50435334249260388439e-01, 8.14935385221613195483e+00, 4.37206077741125798131e-01, 3.31789999999999963620e+02, 4.98971038018103740797e+00, 8.09899316644473454829e-02, 1.10250000000000019946e-11, 1.72974594918994739601e+00, 1.18666226703223784966e+01, 1.32859433349733765473e-04, 9.10374578018354263520e+00, 5.58775093818576928939e-01
9.10408735609218666696e+00, 5.50231704146287414758e-01, 8.14815167994789035788e+00, 4.37044758074075556653e-01, 3.31889999999999986358e+02, 4.98295062245649056365e+00, 8.11153624854134280842e-02, 5.52247155895373794096e-07, 1.72824564912993516863e+00, 1.12232963392867581831e+01, 1.32535705335642571209e-04, 9.10408781754468776626e+00, 5.59428124507671209464e-01
9.10272105242269979897e+00, 5.51046224558179309483e-01, 8.15295505199702041921e+00, 4.37690036742276522563e-01, 3.31490000000000009095e+02, 5.00995816132575111368e+00, 8.06126702480406964746e-02, 1.10250000000000019946e-11, 1.73394678935798163266e+00, 1.42593399106067870719e+01, 1.33568656331115411581e-04, 9.10272105243000950736e+00, 5.57185496987413930725e-01
9.05105182800670782228e+00, 5.50487912922491551271e-01, 8.10542843350730279894e+00, 4.37230538698663906416e-01, 3.31679999999999949978e+02, 4.97043809281916271203e+00, 8.06157128993433141906e-02, 1.10250000000000019946e-11, 1.73154630926196206886e+00, 1.37454093857288981440e+01, 1.33084309569225209312e-04, 9.05105182801423602257e+00, 5.58259611004016997882e-01
8.99836219461456643387e+00, 5.50539465684557471903e-01, 8.06147546460630515242e+00, 4.37254208797328347558e-01, 3.31569999999999993179e+02, 4.95105161939889359957e+00, 8.02419459928758460610e-02, 4.60169303403826329251e-07, 1.73304660932197429624e+00, 1.61025839047016070538e+01, 1.33043153740270493927e-04, 8.99836246288984042963e+00, 5.57665053840460611667e-01
9.05207066651886904651e+00, 5.49877212777281854095e-01, 8.10184534151681745584e+00, 4.36746579697513181983e-01, 3.31979999999999961346e+02, 4.95029138751037223187e+00, 8.09893048350405625468e-02, 1.10250000000000019946e-11, 1.72734546909392783220e+00, 1.15126305161465030125e+01, 1.32372931521874704361e-04, 9.05207066652780589777e+00, 5.59837977299890043881e-01
9.10442893200955793986e+00, 5.50028074043314441077e-01, 8.14694861987290863681e+00, 4.36883438407025315176e-01, 3.31990000000000009095e+02, 4.97618562099351358086e+00, 8.12406319475757338067e-02, 1.10250000000000019946e-11, 1.72704540908192538673e+00, 1.07041766317702258249e+01, 1.32471785306586333246e-04, 9.10442893201920533386e+00, 5.59917581844085909815e-01
9.05173105368148256389e+00, 5.50080779492351790161e-01, 8.10304058750457478766e+00, 4.36907899364563478972e-01, 3.31879999999999995453e+02, 4.95701215539892370288e+00, 8.08649344975211625819e-02, 6.81320931568265991447e-07, 1.72854570914193761411e+00, 1.21188714153179102340e+01, 1.32437013048544862488e-04, 9.05173157909114678432e+00, 5.59398715452540717941e-01
9.05241027935625375278e+00, 5.49673646062212029051e-01, 8.10064921223453282551e+00, 4.36585260030462996017e-01, 3.32079999999999984084e+02, 4.94356542413855049034e+00, 8.11135149703062913185e-02, 4.02259178552609151503e-07, 1.72584516903391560483e+00, 1.09002391828149427511e+01, 1.32048221645828244312e-04, 9.05241062316017064404e+00, 5.60428847006755326277e-01
9.05139144084409430491e+00, 5.50284346207421615205e-01, 8.10423495117586512038e+00, 4.37069219031613720450e-01, 3.31779999999999972715e+02, 4.96372772482388846527e+00, 8.07404038787083722095e-02, 4.97404218613298170959e-08, 1.73004600920194984148e+00, 1.28628291143697879306e+01, 1.32759913822284722961e-04, 9.05139147705413549261e+00, 5.58719651577106013463e-01
9.10477050792693098913e+00, 5.49824443940341467396e-01, 8.14574467100735688518e+00, 4.36722118739975073698e-01, 3.32089999999999974989e+02, 4.96941537877340522300e+00, 8.13657401306747823932e-02, 2.57553368698113558574e-07, 1.72554510902191315935e+00, 1.01640209493601769708e+01, 1.32146035083099516435e-04, 9.10477074491465998562e+00, 5.60456915427890556280e-01
9.10511208384430226204e+00, 5.49620813837368493715e-01, 8.14453983236594503126e+00, 4.36560799072924887732e-01, 3.32189999999999997726e+02, 4.96263989879177813691e+00, 8.14906871142312833056e-02, 1.10250000000000019946e-11, 1.72434486897390337745e+00, 9.74594491587881428529e+00, 1.32081681495832623918e-04, 9.10511208385487158523e+00, 5.61058261638042288233e-01
9.05071221516932133966e+00, 5.50691479637561487337e-01, 8.10662103547405621384e+00, 4.37391858365714203405e-01, 3.31579999999999984084e+02, 4.97714325643280375289e+00, 8.04908614799498267622e-02, 3.53585755001495580777e-07, 1.73274654930997185076e+00, 1.45858666049258509645e+01, 1.33145239821002371637e-04, 9.05071244318008361063e+00, 5.57695532807810590015e-01
8.99802454485716651789e+00, 5.50742968684051481532e-01, 8.06265940027126148948e+00, 4.37415528464378589035e-01, 3.31469999999999970441e+02, 4.95770755607478452731e+00, 8.01178365194338826250e-02, 1.10250000000000019946e-11, 1.73454690938198652361e+00, 1.74473261410093023471e+01, 1.33364560858427022008e-04, 8.99802454486312086601e+00, 5.57052001566208154770e-01
8.89166098976845908908e+00, 5.51452947992225106510e-01, 7.97814826107009089640e+00, 4.37944419927548178606e-01, 3.30949999999999988631e+02, 4.93813768243579431783e+00, 7.90043018661436419192e-02, 1.10250000000000019946e-11, 1.74204840968204766050e+00, 4.52403486216220187544e+01, 1.34225813711928265281e-04, 8.89166098977089269795e+00, 5.54222061440218127792e-01
8.73202830007607389007e+00, 5.52610067379668334908e-01, 7.85153424183456305485e+00, 4.38812261791417634882e-01, 3.30120000000000004547e+02, 4.90993828706592161382e+00, 7.72905925295003931597e-02, 1.16895722870770175457e-06, 1.74354870974205988787e+00, 1.90766921434897137806e+06, 1.26610718656768001878e-04, 8.73202832613996626776e+00, 5.66363738021110285636e-01
8.67938224705959804339e+00, 5.52654637470752274631e-01, 7.80733871257776268493e+00, 4.38830997602153716208e-01, 3.30009999999999990905e+02, 4.88943523205668917342e+00, 7.69261407693865723045e-02, 1.55820138461791551905e-06, 1.74174834967004521502e+00, 1.77662534348056116141e+06, 1.23833254096034528664e-04, 8.67938228088331520382e+00, 5.71279855059986241272e-01
8.67970811833708921768e+00, 5.52451523853317860713e-01, 7.80621306527357994298e+00, 4.38669677935103419220e-01, 3.30109999999999956799e+02, 4.88311152270762960370e+00, 7.70470060440846399308e-02, 2.10789916192323075676e-06, 1.74174834967004521502e+00, 1.05571840668461588211e+06, 1.24767614986014824252e-04, 8.67970816443522430461e+00, 5.69590194556041762297e-01
8.62641660462158021971e+00, 5.52901145700395835192e-01, 7.76423197345394111579e+00, 4.39010197703694815541e-01, 3.29799999999999954525e+02, 4.87509101444918524493e+00, 7.64418323007351879772e-02, 1.26300579227288443597e-06, 1.73994798959803054217e+00, 2.04525974343833490275e+06, 1.20201863301675897526e-04, 8.62641663111404355391e+00, 5.77869090280883845878e-01
8.62674051281908838007e+00, 5.52698098197341614046e-01, 7.76311564269625087320e+00, 4.38848878036644518552e-01, 3.29899999999999977263e+02, 4.86882025412447649870e+00, 7.65620931995943526660e-02, 1.83923824399033782238e-06, 1.73994798959803054217e+00, 1.21225596796499355696e+06, 1.21110621338878715137e-04, 8.62674055168701769958e+00, 5.76191970153352661654e-01
8.57378115223702330638e+00, 5.52943418283898480148e-01, 7.71997286785394365438e+00, 4.39027212891665297168e-01, 3.29689999999999997726e+02, 4.85431638414619204269e+00, 7.60789397198923939003e-02, 1.41323734181861595507e-06, 1.73814762952601586932e+00, 2.46234274265197291970e+07, 1.17551922425661488358e-04, 8.57378118108481679371e+00, 5.82768777508434920875e-01
8.57345920711950171267e+00, 5.53146399314079051379e-01, 7.72107991257260550810e+00, 4.39188532558715483134e-01, 3.29589999999999974989e+02, 4.86053439441654155928e+00, 7.59592861785569617439e-02, 8.08661216023857748528e-07, 1.73814762952601586932e+00, 5.87194949391314480454e+06, 1.16668129389307660194e-04, 8.57345922350663869338e+00, 5.84433549929858964234e-01
8.57313726200197656624e+00, 5.53349380344259733633e-01, 7.72218614432599714803e+00, 4.39349852225765724612e-01, 3.29490000000000009095e+02, 4.86674754699851241924e+00, 7.58394803629181823990e-02, 1.99363197367825814079e-07, 1.73814762952601586932e+00, 9.91672961685929074883e+06, 1.15790454626415575457e-04, 8.57313726601232417579e+00, 5.86094087581151002020e-01
8.52019007251582038975e+00, 5.53593298897131602665e-01, 7.67897956053885266670e+00, 4.39527311788886376753e-01, 3.29279999999999972715e+02, 4.85192665313441295893e+00, 7.53593050165167893661e-02, 2.11568083131893114503e-06, 1.73604720944199875099e+00, 1.61611624832820007578e+06, 1.12158154783053770945e-04, 8.52019011357667466200e+00, 5.92873897762362989106e-01
8.57281531688445497252e+00, 5.53552361374440415887e-01, 7.72329156400930028070e+00, 4.39511171892816021600e-01, 3.29389999999999986358e+02, 4.87295583923200492649e+00, 7.57195221954323899327e-02, 2.13133045824301754566e-06, 1.73784756951401342384e+00, 1.95285703405458340421e+06, 1.14696441440129053642e-04, 8.57281535938605543379e+00, 5.88001968904863780985e-01
8.51987009047828358632e+00, 5.53796213091783062765e-01, 7.68007573886629746340e+00, 4.39688631455936618231e-01, 3.29179999999999949978e+02, 4.85808247175113461225e+00, 7.52399590441310273103e-02, 1.47441175586626291693e-06, 1.73604720944199875099e+00, 2.65259856237131077796e+06, 1.11312095558732917686e-04, 8.51987011888062006904e+00, 5.94518758678264536144e-01
8.51955010844074678289e+00, 5.53999127286434744910e-01, 7.68117111312352562891e+00, 4.39849951122986859708e-01, 3.29079999999999984084e+02, 4.86423346634146547274e+00, 7.51204615735670683252e-02, 8.26739208839980010695e-07, 1.73604720944199875099e+00, 2.16535310979577573016e+06, 1.10471910254007023083e-04, 8.51955012425037239154e+00, 5.96159590281766460507e-01
8.46661509005049417453e+00, 5.54241628995239210553e-01, 7.63790091689362338201e+00, 4.40026525169517512825e-01, 3.28870000000000004547e+02, 4.84909713631910577192e+00, 7.46432769713462618277e-02, 2.55309205720616956393e-06, 1.73394678935798163266e+00, 7.90600748023473657668e+05, 1.06993419727690629631e-04, 8.46661513715344682396e+00, 6.02895402500443711169e-01
8.46629707109294216139e+00, 5.54444475987469709288e-01, 7.63898629108092297457e+00, 4.40187844836567698792e-01, 3.28769999999999981810e+02, 4.85519110659106267747e+00, 7.45242449573700338483e-02, 1.87343913928114667221e-06, 1.73394678935798163266e+00, 1.17326920864479057491e+06, 1.06183619421223348332e-04, 8.46629710539586177731e+00, 6.04520698393502642354e-01
8.41337226071861188359e+00, 5.54685612846240183593e-01, 7.59566183706495046124e+00, 4.40363522958177155964e-01, 3.28559999999999945430e+02, 4.83979288450568478908e+00, 7.40494425812618789484e-02, 8.29791257683619249521e-07, 1.73214642928596695981e+00, 3.76102171611789660528e+06, 1.03030973879354704158e-04, 8.41337227538828535955e+00, 6.10966507747421894159e-01
8.41305620484104110801e+00, 5.54888392264845431434e-01, 7.59673725636503238690e+00, 4.40524842625227397441e-01, 3.28459999999999979536e+02, 4.84583010331272046045e+00, 7.39308807815007712483e-02, 1.14497715239814134350e-07, 1.73214642928596695981e+00, 1.83608061445665657520e+07, 1.02249156338578045707e-04, 8.41305620685006871895e+00, 6.12575775105702935441e-01
8.35982750968505072819e+00, 5.55330860638876488977e-01, 7.55442416629469981615e+00, 4.40860933892527784295e-01, 3.28149999999999977263e+02, 4.83615179599840416813e+00, 7.33403772863927966297e-02, 7.29386385656655950486e-07, 1.73004600920194984148e+00, 4.77871231542294844985e+06, 9.82558684776318515004e-05, 8.35982752193354805570e+00, 6.20840030454207103539e-01
8.30692311534256155880e+00, 5.55569222216356739530e-01, 7.51099153263298280336e+00, 4.41034788182272485813e-01, 3.27939999999999997726e+02, 4.82023298775390074411e+00, 7.28703496214435364475e-02, 1.91179512341952170440e-06, 1.72794558911793272316e+00, 9.89365657933337613940e+05, 9.51323110637955271290e-05, 8.30692314630307038215e+00, 6.27478616907620079246e-01
8.25433713257362455806e+00, 5.55603667105828091799e-01, 7.46646667629577276415e+00, 4.41046394507862093981e-01, 3.27829999999999984084e+02, 4.79822889325072488020e+00, 7.25189106649392623005e-02, 1.08790852431438644090e-06, 1.72614522904591805030e+00, 3.09786301126220216975e+06, 9.29929448133147093253e-05, 8.25433714970290566271e+00, 6.32261844318973031953e-01
8.30723524506015920110e+00, 5.55366579076256527969e-01, 7.50993511570634719732e+00, 4.40873468515222188824e-01, 3.28039999999999963620e+02, 4.81430377658284314180e+00, 7.29878086610802057077e-02, 2.69321556311390276721e-06, 1.72794558911793272316e+00, 9.82211247160106315278e+05, 9.58632999602174315154e-05, 8.30723528900166208189e+00, 6.25895421389749739838e-01
8.25464729921123741008e+00, 5.55401092679629782012e-01, 7.46541855543647869808e+00, 4.40885074840811852503e-01, 3.27929999999999949978e+02, 4.79234637694917697814e+00, 7.26355919113670644993e-02, 1.89426419030945726872e-06, 1.72614522904591805030e+00, 1.86079253952398896217e+06, 9.37084752151030994562e-05, 8.25464732926353228493e+00, 6.30686621386424728364e-01
8.25495746584885026209e+00, 5.55198518253431583247e-01, 7.46436966728245288039e+00, 4.40723755173761611026e-01, 3.28029999999999972715e+02, 4.78645922568378257012e+00, 7.27521261819668585424e-02, 2.69321556311390276721e-06, 1.72614522904591805030e+00, 8.48915162288051215000e+05, 9.44290693227604362430e-05, 8.25495750891053781118e+00, 6.29107616650469214648e-01
8.20144726502302567894e+00, 5.55839398110541393905e-01, 7.42295338131879933741e+00, 4.41218381014453542299e-01, 3.27620000000000004547e+02, 4.78194703325753778245e+00, 7.20517661904218897906e-02, 1.96174967769060321361e-06, 1.72404480896190093198e+00, 1.16317434786148765124e+06, 9.00224262760441394865e-05, 8.20144729479904022185e+00, 6.38869330160792170403e-01
8.20175546858065374067e+00, 5.55636892787497838064e-01, 7.42191429996651574896e+00, 4.41057061347403245311e-01, 3.27719999999999970441e+02, 4.77611569209356190413e+00, 7.21678146917024837537e-02, 1.17706167961416798170e-07, 1.72434486897390337745e+00, 3.06622408771881125867e+07, 9.08969330972250478531e-05, 8.20175547038270380540e+00, 6.37041880949963168490e-01
8.14887188288600583519e+00, 5.55871320841842098126e-01, 7.37836520096093195775e+00, 4.41228096971612582244e-01, 3.27509999999999990905e+02, 4.75967845997293181881e+00, 7.17017839298913911561e-02, 8.35929198442633422364e-07, 1.72224444888988625912e+00, 5.02002817860392294824e+06, 8.79873897705460894427e-05, 8.14887189521913946066e+00, 6.43638688266253478076e-01
8.09599654212729546998e+00, 5.56104361143027747794e-01, 7.33477129963267682200e+00, 4.41398170104511822220e-01, 3.27299999999999954525e+02, 4.74303530382312743541e+00, 7.12374953104426833495e-02, 1.37979009764219907609e-06, 1.72014402880586914080e+00, 2.44725292462545679882e+06, 8.51631646614425460995e-05, 8.09599656174293436095e+00, 6.50215504047325865145e-01
8.04282713198684717781e+00, 5.56538293333062261681e-01, 7.29214477838359176332e+00, 4.41728588586259907078e-01, 3.26990000000000009095e+02, 4.73186583199470423011e+00, 7.06608116379441875132e-02, 8.05686885423953476289e-07, 1.71804360872185202247e+00, 3.55622019989727810025e+06, 8.17873510232103035755e-05, 8.04282714293701950226e+00, 6.58303351240404399647e-01
8.04312944630452086869e+00, 5.56335997702660400854e-01, 7.29113263641784570268e+00, 4.41567268919209721112e-01, 3.27089999999999974989e+02, 4.72618684479603512472e+00, 7.07749443199708061503e-02, 1.74354575116606076712e-06, 1.71804360872185202247e+00, 1.97808090064438479021e+06, 8.24220001177736476435e-05, 8.04312947018367907503e+00, 6.56772433161519786360e-01
7.98966989294230600649e+00, 5.56970664080570943000e-01, 7.24945496215420170927e+00, 4.42058020699410858523e-01, 3.26679999999999949978e+02, 4.72038644079416247479e+00, 7.00870074225946187996e-02, 2.73824659136249751103e-06, 1.71564312862583245867e+00, 2.06813454475697269663e+06, 7.83768921877043406570e-05, 7.98966992846408974316e+00, 6.66616329627794157453e-01
7.93712160130907751210e+00, 5.56997147956142413250e-01, 7.20471551323143799550e+00, 4.42063814830244261600e-01, 3.26569999999999993179e+02, 4.69745488227734675490e+00, 6.97421952702561853688e-02, 8.96552191212697620973e-07, 1.71384276855381778581e+00, 7.58361511596193630248e+06, 7.65832461569975310803e-05, 7.93712161261016735381e+00, 6.71336680641409611070e-01
7.93682321315137340179e+00, 5.57199301756227227678e-01, 7.20570911889252929683e+00, 4.42225134497294503078e-01, 3.26469999999999970441e+02, 4.70302886620748861191e+00, 6.96292129826219657884e-02, 2.67344020700904879916e-06, 1.71354270854181534034e+00, 6.83542233392656035721e+06, 7.58370408507336022557e-05, 7.93682324654191262425e+00, 6.73113816502569739519e-01
7.88428120337409676921e+00, 5.57224402821757558435e-01, 7.16093393807356193292e+00, 4.42229917465163324675e-01, 3.26359999999999956799e+02, 4.67994421238669833230e+00, 6.92854782967976118302e-02, 6.42312850015879115815e-07, 1.71174234846980066749e+00, 3.41051102251373045146e+06, 7.40963664557650825626e-05, 7.88428121117065483503e+00, 6.77824253275132959651e-01
7.88457762845181608924e+00, 5.57022320562664208232e-01, 7.15994846793721517741e+00, 4.42068597798113138708e-01, 3.26459999999999979536e+02, 4.67441583050895559381e+00, 6.93976689396051255043e-02, 1.68667134723603760658e-06, 1.71174234846980066749e+00, 1.86210469054610631429e+06, 7.46750672169329193567e-05, 7.88457764908439795448e+00, 6.76325427456273442495e-01
7.83174351237278809634e+00, 5.57248176237671533073e-01, 7.11613114562236415139e+00, 4.42233676514095730425e-01, 3.26250000000000000000e+02, 4.65675232947484118995e+00, 6.89420192381715174479e-02, 1.26300579227288443597e-06, 1.70964192838578354916e+00, 8.88324884960038959980e+06, 7.22445994812395870816e-05, 7.83174352724302469397e+00, 6.82804204206217124629e-01
7.77891764122969586737e+00, 5.57472543635103789939e-01, 7.07226925156663099870e+00, 4.42397718307649012726e-01, 3.26039999999999963620e+02, 4.63888659972343919691e+00, 6.84880814938830656535e-02, 6.22506499200404963927e-07, 1.70754150830176643083e+00, 1.49637114981741644442e+07, 6.98866679209914114712e-05, 7.77891764828448639690e+00, 6.89263920624076598109e-01
7.72610001502254117867e+00, 5.57695404872956324027e-01, 7.02836282131133671669e+00, 4.42560709921254458177e-01, 3.25829999999999984084e+02, 4.62081924969645640999e+00, 6.80358499227042556878e-02, 2.63918208842062460004e-06, 1.70514102820574686703e+00, 4.12012183246958209202e+06, 6.74609135385065278442e-05, 7.72610004376506687152e+00, 6.95979473322941077917e-01
7.67300206099354387135e+00, 5.58118533522757531706e-01, 6.98536221097730791740e+00, 4.42883957503698244551e-01, 3.25519999999999981810e+02, 4.60788116149055504422e+00, 6.74757576757037957904e-02, 3.68891323809899709066e-07, 1.70304060812172974870e+00, 1.65102583191679045558e+07, 6.47362375711129809860e-05, 7.67300206482944791020e+00, 7.03859994335271133004e-01
7.62020288773824638895e+00, 5.58338253689892649589e-01, 6.94135809787094437695e+00, 4.43044807934924067538e-01, 3.25309999999999945430e+02, 4.58936334067189211083e+00, 6.70275848006717384076e-02, 1.94376066727992159231e-06, 1.70064012802571018490e+00, 1.72725420059293741360e+06, 6.24748519358471704564e-05, 7.62020290716011938770e+00, 7.10532117304312649253e-01
7.62048949741604086938e+00, 5.58136535608637851524e-01, 6.94041649006536331967e+00, 4.42883488267873826061e-01, 3.25409999999999968168e+02, 4.58408211179955138448e+00, 6.71364810259425376371e-02, 2.56606063633337630689e-07, 1.70094018803771263038e+00, 1.29426244066438023001e+07, 6.30983973473915057224e-05, 7.62048950000311986486e+00, 7.08806816727545863088e-01
7.56769660601669524880e+00, 5.58354767581597521975e-01, 6.89637665581613568122e+00, 4.43043247154104813390e-01, 3.25199999999999988631e+02, 4.56541352999756711029e+00, 6.66893309809849371694e-02, 1.64978954439850744712e-06, 1.69853970794169306657e+00, 1.43206907927077505738e+07, 6.08890816622004656957e-05, 7.56769662199067827402e+00, 7.15471066809630684702e-01
7.51491195955328450395e+00, 5.58571418326118784847e-01, 6.85229241882319506374e+00, 4.43201900152219607776e-01, 3.24990000000000009095e+02, 4.54654574003371081403e+00, 6.62438616609635072541e-02, 2.83058001657444798809e-06, 1.69613922784567350277e+00, 9.22408942238343646750e+05, 5.87505841588037249000e-05, 7.51491198589140552144e+00, 7.22119564254475321263e-01
7.51462927603546049227e+00, 5.58772987610442584128e-01, 6.85321668727285704392e+00, 4.43363219819269849253e-01, 3.24889999999999986358e+02, 4.55172944762658548967e+00, 6.61363031941287343729e-02, 1.51015270668139684774e-06, 1.69613922784567350277e+00, 3.47347539986845338717e+06, 5.82881782860977126380e-05, 7.51462928996997803210e+00, 7.23547149598673611237e-01
7.40936740143427652328e+00, 5.58999896935350015781e-01, 6.76399086015553496765e+00, 4.43515829653816862077e-01, 3.24569999999999993179e+02, 4.50821492364889397919e+00, 6.53579370907732826179e-02, 1.51852289937671779974e-06, 1.69163832766563682064e+00, 3.45679903739789407700e+06, 5.47926597535351966569e-05, 7.40936741446883218032e+00, 7.35085825382440050113e-01
7.35660748977867751108e+00, 5.59211684208330894741e-01, 6.71977359792431450103e+00, 4.43671075989160335062e-01, 3.24359999999999956799e+02, 4.48875308570442665967e+00, 6.49174671567275402007e-02, 2.00191369366703575931e-06, 1.68923784756961725684e+00, 2.62531482704435149208e+06, 5.28509191576024850998e-05, 7.35660750627168891214e+00, 7.41685366472911722369e-01
7.30385582305901426281e+00, 5.59421809047540019577e-01, 6.67551205180595541577e+00, 4.43825156083390404138e-01, 3.24149999999999977263e+02, 4.46909441652716310500e+00, 6.44786485693980282452e-02, 2.24003658914100748137e-06, 1.68683736747359769304e+00, 1.21751270355546288192e+06, 5.09722216749070334836e-05, 7.30385584077452509888e+00, 7.48269369491264435545e-01
7.25111240127528855481e+00, 5.59630250112743921065e-01, 6.63120624912175582466e+00, 4.43978054061308358147e-01, 3.23939999999999997726e+02, 4.44923950476334173487e+00, 6.40414733316495149440e-02, 2.22768936809918104180e-06, 1.68443688737757812923e+00, 1.66836434027599729598e+06, 4.91547232286153597627e-05, 7.25111241817408647137e+00, 7.54837664181799872232e-01
7.19864812946541388072e+00, 5.59635874076471750982e-01, 6.58598263154612784120e+00, 4.43968434048117699398e-01, 3.23829999999999984084e+02, 4.42428936885037682458e+00, 6.37092828194596588753e-02, 4.14293884789135697586e-07, 1.68233646729356101091e+00, 6.52817487661080248654e+06, 4.78793403335662199976e-05, 7.19864813250758572849e+00, 7.59731031342032459008e-01
7.19837722442749949892e+00, 5.59836985624910576931e-01, 6.58685621620381667185e+00, 4.44129753715167940875e-01, 3.23729999999999961346e+02, 4.42918893680009784219e+00, 6.36059331743431266570e-02, 1.95093639141813803535e-06, 1.68203640728155856543e+00, 1.70983658668778371066e+06, 4.73966202080476506505e-05, 7.19837723862298428656e+00, 7.61390574598254432637e-01
7.14538135055771395088e+00, 5.60243026890444584254e-01, 6.54332647721283500175e+00, 4.44441558162288530287e-01, 3.23419999999999959073e+02, 4.41379164823098246728e+00, 6.30692318265864276805e-02, 2.90989847405519949642e-06, 1.67933586717353655615e+00, 3.40303705535443825647e+06, 4.52338492690099538713e-05, 7.14538137066335732328e+00, 7.69577473938617417915e-01
7.14511240859978435935e+00, 5.60444060427019996595e-01, 6.54419034869817473066e+00, 4.44602877829338827276e-01, 3.23319999999999993179e+02, 4.41863616155733929247e+00, 6.29663170261679366879e-02, 1.24912063295472293677e-06, 1.67933586717353655615e+00, 3.29047050330869108438e+06, 4.48717817995467429561e-05, 7.14511241716272138547e+00, 7.70935323323975629783e-01
7.14484346664185387965e+00, 5.60645093963595408937e-01, 6.54505359351679683044e+00, 4.44764197496389013242e-01, 3.23219999999999970441e+02, 4.42347683474897035438e+00, 6.28632750805934031879e-02, 2.74329628744127180468e-06, 1.67903580716153411068e+00, 3.57153471971359312534e+08, 4.44171474460714911362e-05, 7.14484348526175150340e+00, 7.72580445528913029030e-01
7.09186369002794680938e+00, 5.61049070662953286437e-01, 6.50144414172128737306e+00, 4.45074770168225997136e-01, 3.22909999999999968168e+02, 4.40768513644901727133e+00, 6.23305863816002170275e-02, 3.26804417818067958714e-06, 1.67633526705351210140e+00, 7.04873372220492511988e+07, 4.23802209413583525648e-05, 7.09186371109049495942e+00, 7.80712009814471308289e-01
7.03916110030790775909e+00, 5.61250238107147692013e-01, 6.45692802906979768096e+00, 4.45222774134340693042e-01, 3.22699999999999988631e+02, 4.38686344309707720868e+00, 6.19026864167959711693e-02, 2.00560549255791850312e-06, 1.67393478695749253760e+00, 3.28595124063165811822e+06, 4.08462127128652474238e-05, 7.03916111270227240482e+00, 7.87184985994871411208e-01
6.98646675552380180818e+00, 5.61449606141385837432e-01, 6.41236789643527771432e+00, 4.45369511425999564658e-01, 3.22490000000000009095e+02, 4.36584916129259159590e+00, 6.14763965647642518508e-02, 4.33024395087977716042e-07, 1.67153430686147297379e+00, 8.30910173954409267753e+06, 3.93631468636953339561e-05, 6.98646675808787964712e+00, 7.93642791692304672146e-01
6.88110280076340430355e+00, 5.61842846671038675943e-01, 6.32311565397593255966e+00, 4.45659113515119331694e-01, 3.22069999999999993179e+02, 4.32324512272542538227e+00, 6.06286078281616444552e-02, 2.90989847405519949642e-06, 1.66613322664542895524e+00, 1.18451658420798298903e+06, 3.63842326614310443964e-05, 6.88110281653864053197e+00, 8.07108069915954295936e-01
6.82843319078711008530e+00, 5.62036669195388083331e-01, 6.27842358277152801094e+00, 4.45801941079027319592e-01, 3.21859999999999956799e+02, 4.30165650528963272592e+00, 6.02070884762000366197e-02, 3.86280194757012195710e-07, 1.66373274654940939143e+00, 1.23397464851909391582e+07, 3.50502217030948184798e-05, 6.82843319279088767360e+00, 8.13523308635760944441e-01
6.77602702614478769050e+00, 5.62028119584484620042e-01, 6.23288317181816964307e+00, 4.45782107810463124054e-01, 3.21750000000000000000e+02, 4.27536615033728484292e+00, 5.98853813159068854022e-02, 2.93142290478776104898e-06, 1.66103220644138738216e+00, 1.60207956525895372033e+06, 3.39636246214313665816e-05, 6.77602704080901308004e+00, 8.18934070984178918984e-01
6.72337194296038287433e+00, 5.62218199272866203664e-01, 6.18811143437303901038e+00, 4.45922233374137333417e-01, 3.21539999999999963620e+02, 4.25344322372687333456e+00, 5.94662747030648836111e-02, 3.15562129535534913706e-06, 1.65833166633336537288e+00, 7.22769889809671975672e+06, 3.26386008382554526608e-05, 6.72337195803718046250e+00, 8.25630163857737686683e-01
6.72362518027843414359e+00, 5.62017808824846976101e-01, 6.18731466399522034294e+00, 4.45760913707087147451e-01, 3.21639999999999986358e+02, 4.24897399722478219530e+00, 5.95636837256871345958e-02, 1.88035525950084003847e-06, 1.65863172634536781835e+00, 1.61888387039604689926e+07, 3.29802639631091484818e-05, 6.72362518935040665014e+00, 8.24047392090333952197e-01
6.67097637894997941288e+00, 5.62206019246220156660e-01, 6.14250716741211899574e+00, 4.45899658322426006851e-01, 3.21429999999999949978e+02, 4.22690730216636545435e+00, 5.91454049471046017228e-02, 1.80233795480715158611e-06, 1.65593118623734580908e+00, 2.27892121093230228871e+06, 3.16901880832767937667e-05, 6.67097638726343156179e+00, 8.30738931014930237495e-01
6.61858513371554213478e+00, 5.62192026436851399751e-01, 6.09687471409116721333e+00, 4.45875681751127184160e-01, 3.21319999999999993179e+02, 4.20026993452608810031e+00, 5.88245123247595411153e-02, 1.66122763472398399481e-07, 1.65353070614132624527e+00, 8.12837090013559532166e+09, 3.07666582011414748462e-05, 6.61858513445439289313e+00, 8.35848846108951271106e-01
6.51332482957834724147e+00, 5.62558607088701534416e-01, 6.00705623188696336001e+00, 4.46146078724933670134e-01, 3.20899999999999977263e+02, 4.15528416857625604308e+00, 5.79941109522836423240e-02, 1.83923824399033782238e-06, 1.64782956591327978124e+00, 8.34978801526402775198e+06, 2.83250268718416496573e-05, 6.51332483702732911723e+00, 8.49488330674168845569e-01
6.51307944458023602152e+00, 5.62758662513093477209e-01, 6.00782100414969200131e+00, 4.46307398391983856101e-01, 3.20799999999999954525e+02, 4.15957549048658314916e+00, 5.78996982023888134838e-02, 2.99143959178942708685e-06, 1.64752950590127733577e+00, 3.85671469215104402974e+06, 2.80283916347611844174e-05, 6.51307945657799525208e+00, 8.51042992648912699494e-01
6.46022020107739969319e+00, 5.63138755068542495863e-01, 5.96359391710057007430e+00, 4.46601728376058548786e-01, 3.20490000000000009095e+02, 4.14099921550537253268e+00, 5.73936629111960194827e-02, 2.59578019629310806558e-06, 1.64452890578125288101e+00, 4.74955657510611414909e+06, 2.66338162693430562848e-05, 6.46022021091650966440e+00, 8.59232251628643917130e-01
6.40737312867047137388e+00, 5.63516580185523530133e-01, 5.91930630363480148048e+00, 4.46894569687375620148e-01, 3.20179999999999949978e+02, 4.12214346002232812083e+00, 5.68904519644346240437e-02, 1.70856532237584612458e-06, 1.64152830566122842626e+00, 8.37449329842748027295e+06, 2.53032837399464162139e-05, 6.40737313478859515925e+00, 8.67392614416077734063e-01
6.35477772311760613633e+00, 5.63692307326892683150e-01, 5.87421923767815457040e+00, 4.47024579575721114910e-01, 3.19969999999999970441e+02, 4.09886214431044493267e+00, 5.64826279577293963174e-02, 2.93142290478776104898e-06, 1.63852770554120397151e+00, 2.03230191618246096186e+06, 2.42359328144215320196e-05, 6.35477773312198923605e+00, 8.74305014308828232217e-01
6.30195302982250549206e+00, 5.64065585748394160426e-01, 5.82981940014172828057e+00, 4.47314373740748116859e-01, 3.19659999999999968168e+02, 4.07949852742520491233e+00, 5.59844317433729407596e-02, 1.08191190484481430603e-06, 1.63552710542117951675e+00, 8.01259802263830602169e+06, 2.30160288245604595782e-05, 6.30195303330682143894e+00, 8.82418622717606071504e-01
6.24937607722149923717e+00, 5.64236873975640484957e-01, 5.78463671930547906896e+00, 4.47441288644768175864e-01, 3.19449999999999988631e+02, 4.05580303059359525975e+00, 5.55802461028199190629e-02, 1.46358565716225595098e-06, 1.63252650530115506200e+00, 2.64331048492175852880e+06, 2.20374536363159664496e-05, 6.24937608171059810758e+00, 8.89303375903452320017e-01
6.19657376303822449159e+00, 5.64605471157508032043e-01, 5.74012493357292097329e+00, 4.47727938830564609063e-01, 3.19139999999999986358e+02, 4.03593533824050432202e+00, 5.50870323317060872625e-02, 2.30705353678750507742e-06, 1.62922584516912816177e+00, 3.23970928198654670268e+06, 2.08713101405890770154e-05, 6.19657376970292173013e+00, 8.97682642158979859914e-01
6.19680736955642696984e+00, 5.64405936691636633817e-01, 5.73941023594826393861e+00, 4.47566619163514312074e-01, 3.19240000000000009095e+02, 4.03192346955924563190e+00, 5.51774906771396317362e-02, 1.43686691367057089107e-06, 1.62952590518113060725e+00, 4.87521916777675971389e+06, 2.10970073530391723910e-05, 6.19680737374905454828e+00, 8.96178289169909048084e-01
6.14447855026551081892e+00, 5.64373294607585673788e-01, 5.69343262408577199807e+00, 4.47529020231532181917e-01, 3.19129999999999995453e+02, 4.00388904164302417144e+00, 5.48657547119005203906e-02, 1.42303540146928109045e-07, 1.62682536507310859797e+00, 1.07406011480021432042e+08, 2.04122107458142259921e-05, 6.14447855066446368966e+00, 9.01544827214805222226e-01
6.09192436939232795368e+00, 5.64537893483687658325e-01, 5.64812639715329822820e+00, 4.47651105157264195267e-01, 3.18919999999999959073e+02, 3.97968649421323483750e+00, 5.44650669735110837255e-02, 3.09801329985819799443e-06, 1.62352470494108169774e+00, 1.44576356188413500786e+06, 1.94896645054820314444e-05, 6.09192437765094840785e+00, 9.08720496350467366042e-01
6.03960615073332984792e+00, 5.64500898145790852567e-01, 5.60208420011613839051e+00, 4.47610207932683468179e-01, 3.18809999999999945430e+02, 3.95141378472193460780e+00, 5.41537620165407837525e-02, 1.05242098473626493265e-06, 1.62082416483305968846e+00, 7.05816718925137817860e+06, 1.88523181862285739733e-05, 6.03960615342547502138e+00, 9.14088117392468646472e-01
5.98684074245377217949e+00, 5.64860067480893346392e-01, 5.55738245377652440027e+00, 4.47890260214838742403e-01, 3.18500000000000000000e+02, 3.93073400031397790499e+00, 5.36678168918716599900e-02, 3.92196543617973898921e-06, 1.61722344468903034276e+00, 1.89919451585481339134e+06, 1.77996171724755741057e-05, 5.98684075188448083793e+00, 9.22734340540670494590e-01
5.93431129638840104690e+00, 5.65017568752515075836e-01, 5.51194473080104074825e+00, 4.48007274965456114835e-01, 3.18289999999999963620e+02, 3.90598510817554700481e+00, 5.32712209235087913450e-02, 1.00369167061511652128e-03, 1.53800760152038473727e+00, 8.96644031752953305840e+04, 9.04620876709362512446e-06, 5.93431273465632003195e+00, 1.01151452731240132366e+00
5.82949700402377235520e+00, 5.65126312074634817861e-01, 5.42027666916910799699e+00, 4.48074715448543658969e-01, 3.17969999999999970441e+02, 3.85222893247970166186e+00, 5.25669849026818569726e-02, 3.00801998508932958695e-06, 1.60792158431695453302e+00, 9.24042489342136494815e+06, 1.56668397782457273872e-05, 5.82949701026238198409e+00, 9.42391742666937481943e-01
5.82927713906546429712e+00, 5.65325208204692564173e-01, 5.42093775384432507991e+00, 4.48236035115593955958e-01, 3.17870000000000004547e+02, 3.85594464924454927157e+00, 5.24819994698099978603e-02, 3.55054580869862925464e-06, 1.60762152430495208755e+00, 1.70593686483082547784e+06, 1.54956872621182139204e-05, 5.82927714636237759294e+00, 9.43851399413109470871e-01
5.77633662405125480888e+00, 5.65872870874322142498e-01, 5.37667385554633625588e+00, 4.48670360090119346719e-01, 3.17459999999999979536e+02, 3.83799183633851459518e+00, 5.19205814301382101439e-02, 6.14529548223247642412e-07, 1.60402080416092274184e+00, 1.88273193773080594838e+07, 1.44909126184492208157e-05, 5.77633662522373736437e+00, 9.53562166021454604703e-01
5.72362814509125961138e+00, 5.66218884748844186738e-01, 5.33168973540909618691e+00, 4.48941527961832620441e-01, 3.17149999999999977263e+02, 3.81605951123222464361e+00, 5.14469560840977863103e-02, 5.03646112734450428166e-07, 1.60042008401689339614e+00, 9.69645522747222892940e+06, 1.36644416455926216963e-05, 5.72362814599215585787e+00, 9.62110901707387444759e-01
5.67114581294552344559e+00, 5.66363489626408367350e-01, 5.28600983606497276668e+00, 4.49049506849391433239e-01, 3.16939999999999997726e+02, 3.79028420632004969804e+00, 5.10591229920392339348e-02, 3.55054580869862925464e-06, 1.59681936387286405044e+00, 9.23491312575804442167e+06, 1.29939242409401905408e-05, 5.67114581894838742926e+00, 9.69526947267429495270e-01
5.67135978866387713282e+00, 5.66164878055429920956e-01, 5.28537312370844958309e+00, 4.48888187182341136250e-01, 3.17039999999999963620e+02, 3.78670398228273930030e+00, 5.11421204087240885428e-02, 3.22616665845354981640e-06, 1.59711942388486649591e+00, 4.13605672476360807195e+06, 1.31392850792263190596e-05, 5.67135979417907343247e+00, 9.68092244001956370170e-01
5.56662598257863017182e+00, 5.66247867133879756452e-01, 5.19327503169565130037e+00, 4.48937085518994083433e-01, 3.16719999999999970441e+02, 3.73120415811747641044e+00, 5.04499708533778581931e-02, 3.44740700468570685546e-06, 1.59051810362081269545e+00, 4.80233815076409000903e+06, 1.20376311593342339156e-05, 5.56662598790535856352e+00, 9.81174714030142336441e-01
5.51416445908073438176e+00, 5.66384581028934741553e-01, 5.14747872719811816467e+00, 4.49039256483404425335e-01, 3.16509999999999990905e+02, 3.70497956290495356058e+00, 5.00642497379072196062e-02, 6.83836144030800291114e-07, 1.58721744348878579522e+00, 8.72310160296353325248e+06, 1.14685902150953381707e-05, 5.51416446008016336577e+00, 9.88263581232909693597e-01
5.46150505712036249406e+00, 5.66716729227962345838e-01, 5.10224544439820970609e+00, 4.49300741428007355260e-01, 3.16199999999999988631e+02, 3.68199460656565413785e+00, 4.95998945550593720033e-02, 1.65588002398068982878e-06, 1.58331666333275400405e+00, 3.63483383986201277003e+06, 1.07749730035808881763e-05, 5.46150505938176866749e+00, 9.97079707783086299777e-01
