8.60999965667724609375e+00, 6.17500007152557373047e-01, 8.15999984741210937500e+00, 4.90333348512649536133e-01, 2.98149999999999977263e+02, 6.66989949248854863129e+00, 2.99726015493272726631e-02, 1.10250000000000019946e-11, 1.67698223768540555234e+00, 2.56195502867999275622e+04, 5.13782873041644543754e-06, 8.60999965667726030460e+00, 1.03499269073726107848e+00
6.66343815180798770825e+00, 5.68215246403487750371e-01, 6.16591931988394925668e+00, 4.50739248333933140156e-01, 3.18429999999999949978e+02, 4.35808271330105068131e+00, 5.61928095559587337249e-02, 8.87662422742877375582e-07, 1.64988097418053847321e+00, 1.87617737871182821691e+07, 2.36010707351264826712e-05, 6.66343815489196433788e+00, 8.74138284963641543079e-01
6.71602806073689517774e+00, 5.68029522265422803784e-01, 6.21096960601800152091e+00, 4.50600503718594225244e-01, 3.18639999999999986358e+02, 4.38150136645827359416e+00, 5.65891758137969450027e-02, 7.51162059184562988883e-07, 1.65271928218274188893e+00, 1.43254794508951026946e+07, 2.46076616428805291592e-05, 6.71602806347294656319e+00, 8.67532349777047517847e-01
6.71628129805494644700e+00, 5.67829131817403576221e-01, 6.21018929730722213378e+00, 4.50439184051543983767e-01, 3.18740000000000009095e+02, 4.37713566303074053110e+00, 5.66900764986708674553e-02, 1.10216778574848610414e-06, 1.65290239882803824401e+00, 2.38220918776275105774e+07, 2.48491297216214404922e-05, 6.71628130210723117699e+00, 8.66128017838386998761e-01
6.76888141499977624704e+00, 5.67641356639579597321e-01, 6.25518842635312388722e+00, 4.50299058487869829914e-01, 3.18949999999999988631e+02, 4.40032552823304357048e+00, 5.70888065289081175768e-02, 5.75121718704196950133e-07, 1.65574070683023899520e+00, 2.51352860382120981812e+07, 2.59043581306004125873e-05, 6.76888141721598568523e+00, 8.59502577741979356674e-01
6.82174694035856266083e+00, 5.67251085989673775600e-01, 6.29934741435397604903e+00, 4.49996252422333486987e-01, 3.19259999999999990905e+02, 4.41887161270972672611e+00, 5.75914259836520295299e-02, 9.93296581391100594851e-07, 1.65867057315507993032e+00, 2.36214287317019030452e+07, 2.72449125565796678881e-05, 6.82174694440474649326e+00, 8.51541173593941103093e-01
6.87436551025524966718e+00, 5.67059374260803439327e-01, 6.34425210193682875826e+00, 4.49853424858425499089e-01, 3.19469999999999970441e+02, 4.44164619733808674340e+00, 5.79941646495944623796e-02, 7.91480296577878228373e-07, 1.66141732283463916531e+00, 6.91362372566699832678e+07, 2.83733731380323311074e-05, 6.87436551363074777043e+00, 8.44980817028477493302e-01
6.87462463681325530729e+00, 5.66858738584274046701e-01, 6.34344645235567217156e+00, 4.49692105191375257611e-01, 3.19569999999999993179e+02, 4.43713841142625309288e+00, 5.80970345350978883969e-02, 9.78333087061510554199e-07, 1.66160043947994684466e+00, 5.29037094029101729393e+07, 2.86490139522093114287e-05, 6.87462464102463943760e+00, 8.43549763093004223435e-01
6.92751450436385507459e+00, 5.66464342086871908144e-01, 6.38748542123929397007e+00, 4.49386636033343500607e-01, 3.19879999999999995453e+02, 4.45512471128287756983e+00, 5.86056321600114393799e-02, 5.48593558884789818236e-07, 1.66453030580477778777e+00, 5.45921291352910995483e+07, 3.01193823548225174142e-05, 6.92751450685875180824e+00, 8.35528401766872819145e-01
7.03253570535889149795e+00, 5.66272137472876191389e-01, 6.47787661855209684347e+00, 4.49255765810596618959e-01, 3.20199999999999988631e+02, 4.50420680551551644299e+00, 5.93173836527733921997e-02, 3.81742390906078359906e-07, 1.66965757187326691025e+00, 6.62809427900398299098e+07, 3.22849069624723262182e-05, 7.03253570724029586358e+00, 8.23961081372786563470e-01
6.97962738485643274799e+00, 5.66670312803638331900e-01, 6.43393178399856502381e+00, 4.49563822769305787563e-01, 3.19889999999999986358e+02, 4.48663651664101070793e+00, 5.88046043648852018171e-02, 4.53400485161667655634e-07, 1.66681926387107881560e+00, 1.53653077105310201645e+08, 3.07386244626512759415e-05, 6.97962738697360407514e+00, 8.31918101905115170425e-01
7.03227068956092971064e+00, 5.66473013447505335805e-01, 6.47870674178727412595e+00, 4.49417085477646860436e-01, 3.20099999999999965894e+02, 4.50885113480172528000e+00, 5.92123265107513466199e-02, 3.24861131739403473444e-07, 1.66947445522796322770e+00, 3.78429223429433330894e+07, 3.19768300556558420010e-05, 7.03227069114734870681e+00, 8.25415056671691016454e-01
7.08518921807930812662e+00, 5.66072946021863643296e-01, 6.52260008061341700625e+00, 4.49107761844481978564e-01, 3.20409999999999968168e+02, 4.52618776566060621036e+00, 5.97275110846590961966e-02, 8.98204241229344825909e-07, 1.67222120490751913202e+00, 1.19836441233423575759e+07, 3.35575099801773546601e-05, 7.08518922270549733611e+00, 8.17532313248420128282e-01
7.13785097573566318374e+00, 5.65871965914555796751e-01, 6.56728021178977439121e+00, 4.48958508839695180637e-01, 3.20620000000000004547e+02, 4.54798020114572132400e+00, 6.01393272185041030675e-02, 1.42804657637027023519e-07, 1.67487639626441819907e+00, 6.48225722766848802567e+07, 3.48991666056164682899e-05, 7.13785097650442512673e+00, 8.10994264089291871933e-01
7.19052097832795489296e+00, 5.65669220529634642070e-01, 6.61191698998467725090e+00, 4.48808024059624832702e-01, 3.20829999999999984084e+02, 4.56958354502724972690e+00, 6.05528414988029464738e-02, 1.04484757287025935426e-06, 1.67734847097599626409e+00, 1.14590316547705661505e+07, 3.62413830765652615162e-05, 7.19052098420055774142e+00, 8.04632245783203803313e-01
7.24347209397408153819e+00, 5.65263543707321902687e-01, 6.65564662325348521676e+00, 4.48495004738715008497e-01, 3.21139999999999986358e+02, 4.58616429586651364048e+00, 6.10758667182646278193e-02, 5.88532086103664007882e-07, 1.68009522065554017800e+00, 2.87098442477212287486e+07, 3.80142927415635058425e-05, 7.24347209745987008489e+00, 7.96673079141095641376e-01
7.29616054951823134189e+00, 5.65057258978524434845e-01, 6.70018829230974510835e+00, 4.48342106760797054488e-01, 3.21349999999999965894e+02, 4.60734108548653331638e+00, 6.14935158433378148413e-02, 8.87163529051657681826e-07, 1.68256729536713489637e+00, 2.55869682463415153325e+07, 3.94657398444262175414e-05, 7.29616055500156868163e+00, 7.90273432248473461925e-01
7.34885724999831868587e+00, 5.64849276761863361429e-01, 6.74468650776106493083e+00, 4.48188026666566985412e-01, 3.21559999999999945430e+02, 4.62832688238878198206e+00, 6.19128868687740530063e-02, 9.15538030904333301904e-07, 1.68503937007873161313e+00, 2.71114160258355177939e+07, 4.09677109257690149507e-05, 7.34885725590226712711e+00, 7.83858821457208532202e-01
7.40128343805648380993e+00, 5.64841037211969987375e-01, 6.79003009572974303154e+00, 4.48194099998273698393e-01, 3.21669999999999959073e+02, 4.65409458459595448687e+00, 6.22240587141231135671e-02, 9.00226355732564247540e-07, 1.68732832814501865215e+00, 5.33264981662434339523e+08, 4.21237195208319837756e-05, 7.40128344405762916836e+00, 7.78941340550338701121e-01
7.45399466532845966782e+00, 5.64629799724430059271e-01, 6.83444974251950299049e+00, 4.48037702973582196986e-01, 3.21879999999999995453e+02, 4.67474388543343355451e+00, 6.26461952187701426320e-02, 4.52127791187730499484e-07, 1.68980040285661603505e+00, 4.45315429252099895477e+09, 4.37175369566924766325e-05, 7.45399466847200287134e+00, 7.72504777149423116356e-01
7.50671413753637040145e+00, 5.64416927571508075800e-01, 6.87882588295398900158e+00, 4.47880170496676499603e-01, 3.22089999999999974989e+02, 4.69520064465777320351e+00, 6.30700805152371313245e-02, 6.78868486537755917003e-07, 1.69218091924554325800e+00, 3.77079344009035602212e+07, 4.53368194577118794556e-05, 7.50671414245591694936e+00, 7.66145799202031740904e-01
7.50699682105419441314e+00, 5.64215358287184387542e-01, 6.87792016664235994483e+00, 4.47718850829626258125e-01, 3.22189999999999997726e+02, 4.69013253943172525595e+00, 6.31814128246779849185e-02, 3.96618497582542053523e-07, 1.69236403589084360988e+00, 1.25840678419849961996e+08, 4.57630417874379800719e-05, 7.50699682395415912595e+00, 7.64617218057437320056e-01
7.55972650127802570097e+00, 5.64000797114461382975e-01, 6.92224429713279487686e+00, 4.47560197831511408229e-01, 3.22399999999999977263e+02, 4.71034857679162843880e+00, 6.36077515877706695102e-02, 3.44227666054316156269e-07, 1.69474455227980214111e+00, 4.57837426311176493764e+07, 4.74516287498081692033e-05, 7.55972650390074640825e+00, 7.58234050992278030279e-01
7.61275103611558900951e+00, 5.63582923802518065415e-01, 6.96560147422166675568e+00, 4.47239119278230234933e-01, 3.22709999999999979536e+02, 4.72520299576768465499e+00, 6.41484370810459225698e-02, 6.02593825306030995165e-07, 1.69721662699139019814e+00, 1.26920758921679649502e+07, 4.96248578269189798791e-05, 7.61275104093947163619e+00, 7.50378828977186440596e-01
7.66521059653350000929e+00, 5.63566912078666049091e-01, 7.01076174683417718825e+00, 4.47239588514054708934e-01, 3.22819999999999993179e+02, 4.75019836868680300768e+00, 6.44657180273561919437e-02, 4.30304132069833249573e-07, 1.69941402673502106602e+00, 3.18012408478227891028e+07, 5.09681817122269208761e-05, 7.66521060008976462541e+00, 7.45511307847545157124e-01
7.71796501156514125341e+00, 5.63347626806362522522e-01, 7.05495500373055950405e+00, 4.47077660598661108526e-01, 3.23029999999999972715e+02, 4.76983094531679263639e+00, 6.48973594067192155466e-02, 5.71576095842306989335e-07, 1.70170298480131410024e+00, 3.10632477765215188265e+07, 5.27975090532909578102e-05, 7.71796501648240607096e+00, 7.39170894166671366143e-01
7.71825554740290620259e+00, 5.63145761737312344763e-01, 7.05401453887554286126e+00, 4.46916340931610867049e-01, 3.23129999999999995453e+02, 4.76456700879580630215e+00, 6.50113235334990186010e-02, 1.59708974942216053819e-07, 1.70188610144661445212e+00, 6.14111870357045158744e+07, 5.32885282625549108011e-05, 7.71825554878906761047e+00, 7.37606055371792246333e-01
7.77131266936821862856e+00, 5.62722929009530581368e-01, 7.09720576602367803076e+00, 4.46592029650955235631e-01, 3.23439999999999997726e+02, 4.77863884891023005252e+00, 6.55599387068619976482e-02, 4.78005176802491244235e-07, 1.70426661783555566387e+00, 3.13782865597658865154e+07, 5.56702532587730573995e-05, 7.77131267372208167643e+00, 7.29754426487718044214e-01
7.87746342658656217850e+00, 5.61872294780907166611e-01, 7.18340296567515590453e+00, 4.45940269807318823148e-01, 3.24059999999999945430e+02, 4.80588700518903078063e+00, 6.66661767294333407197e-02, 2.46084875509066635343e-07, 1.70902765061343342445e+00, 9.04870105725846737623e+07, 6.07301964655510248298e-05, 7.87746342905340490859e+00, 7.13937390809392447011e-01
7.82497088642490634669e+00, 5.61894412996601477772e-01, 7.13841506785930235424e+00, 4.45944028856251228898e-01, 3.23949999999999988631e+02, 4.78166011080983199832e+00, 6.63412297438277509531e-02, 3.89109359364094808520e-07, 1.70692180919243807757e+00, 2.15188732993716746569e+07, 5.91906543538294499410e-05, 7.82497089020735447917e+00, 7.18771597465975187191e-01
7.82526534842263998826e+00, 5.61692402702734905340e-01, 7.13745391515897775747e+00, 4.45782709189201042932e-01, 3.24049999999999954525e+02, 4.77627729604307305067e+00, 6.64558536784855269364e-02, 7.57097515841275778614e-07, 1.70701336751508958578e+00, 5.72248822114791679382e+09, 5.96987170746497976758e-05, 7.82526535584293458925e+00, 7.17265186488176720303e-01
7.87835270181971836223e+00, 5.61266048003626782936e-01, 7.18049345000674321682e+00, 4.45456310806168098715e-01, 3.24359999999999956799e+02, 4.78959165864775116006e+00, 6.70120708307579554530e-02, 3.86275937545449586678e-07, 1.70939388390403812501e+00, 8.52979888549227565527e+07, 6.23430041486150411049e-05, 7.87835270579068325247e+00, 7.09302012725350317091e-01
7.87864912689743679408e+00, 5.61063965744533321711e-01, 7.17952220605385882379e+00, 4.45294991139117857237e-01, 3.24459999999999979536e+02, 4.78415105157469611186e+00, 6.71270848166821421099e-02, 7.06911174609600234007e-07, 1.70948544222669829296e+00, 1.04330445129784092307e+08, 6.28761255822359342105e-05, 7.87864913422452328717e+00, 7.07780489931307488227e-01
7.93145222631270385705e+00, 5.60838070157755663736e-01, 7.22347086872681032332e+00, 4.45128888504198738651e-01, 3.24669999999999959073e+02, 4.80260456744635355619e+00, 6.75712668374336272725e-02, 6.03610997467047726924e-07, 1.71168284197032982696e+00, 1.80423932063653245568e+07, 6.50538778711753728047e-05, 7.93145223281675715299e+00, 7.01387780037230457175e-01
7.93115383815500063491e+00, 5.61040223957840589186e-01, 7.22445084039787221997e+00, 4.45290208171249035640e-01, 3.24569999999999993179e+02, 4.80809441177464158557e+00, 6.74555836037037115371e-02, 3.15147128600617957715e-07, 1.71159128364768098329e+00, 2.78031251087265945971e+07, 6.45035632897963197340e-05, 7.93115384152302382859e+00, 7.02918750115187895844e-01
7.98396321942621955969e+00, 5.60812937600964844798e-01, 7.26836420159437412991e+00, 4.45123094373365335574e-01, 3.24779999999999972715e+02, 4.82639776228793149215e+00, 6.79008803499585172903e-02, 8.91162542860055552964e-07, 1.71369712506864968482e+00, 9.39597423603962548077e+06, 6.66907223638525995489e-05, 7.98396322932108937209e+00, 6.96604790397028050819e-01
7.98336251695084264668e+00, 5.61217387445216764341e-01, 7.27033951006863610189e+00, 4.45445733707465818529e-01, 3.24579999999999984084e+02, 4.83746284161053630157e+00, 6.76677495169558385069e-02, 3.57039184191964060354e-07, 1.71351400842336465402e+00, 2.04818039279781192541e+08, 6.55685632573447163465e-05, 7.98336252085052855421e+00, 6.99677048929915779141e-01
8.03587390268035406393e+00, 5.61191092832305615801e-01, 7.31522170457407128197e+00, 4.45438940928415405551e-01, 3.24689999999999997726e+02, 4.86124061732256240731e+00, 6.79960582035036426030e-02, 5.39722090573891797161e-07, 1.71552829152169916682e+00, 1.86889912398340776563e+07, 6.72160345744168716232e-05, 8.03587390875432561188e+00, 6.94904988911103638216e-01
7.98306216571315463426e+00, 5.61419612367342724113e-01, 7.27132609164734677876e+00, 4.45607053374516060007e-01, 3.24479999999999961346e+02, 4.84298864303060927483e+00, 6.75509680852983546151e-02, 9.30063806503828637466e-07, 1.71333089177805697467e+00, 1.30987608768568299711e+07, 6.49733256241751011041e-05, 7.98306217578417243175e+00, 7.01296668106024090328e-01
8.08930243937880710803e+00, 5.60556411603035265045e-01, 7.35706428750067775724e+00, 4.44947202779617023705e-01, 3.25099999999999965894e+02, 4.86803797310314223523e+00, 6.86790275365058988655e-02, 3.84542558129458228452e-07, 1.71790880791063571564e+00, 2.41882074593268409371e+07, 7.07145888821664875268e-05, 8.08930244394969832911e+00, 6.85390726301304487045e-01
8.14244083285549535844e+00, 5.60122473186039138149e-01, 7.39983973654621252081e+00, 4.44615809979667542251e-01, 3.25409999999999968168e+02, 4.88010532639878302774e+00, 6.92475263154414821809e-02, 5.65185416389479025568e-07, 1.72010620765426325285e+00, 1.69868104250064305961e+07, 7.37113723867896032151e-05, 8.14244083988878486480e+00, 6.77463506710653140530e-01
8.14274707333313862989e+00, 5.59920037360124966952e-01, 7.39882456287064194100e+00, 4.44454490312617300773e-01, 3.25509999999999990905e+02, 4.87441660717794089663e+00, 6.93658572394248440496e-02, 7.32809010364563368418e-07, 1.72019776597692675146e+00, 9.23327940510153472424e+07, 7.43345254525650548033e-05, 8.14274708252633594441e+00, 6.75893680835894739012e-01
8.19559139742808895335e+00, 5.59686999248367400561e-01, 7.44255255633907975010e+00, 4.44283454688408019351e-01, 3.25719999999999970441e+02, 4.89186606255248435104e+00, 6.98189952753909409688e-02, 4.93570807365970862774e-07, 1.72230360739791144020e+00, 1.24246068702415563166e+07, 7.68246524384207758133e-05, 8.19559140385709028465e+00, 6.69494408045128053253e-01
8.19589960098571701508e+00, 5.59484493925323955743e-01, 7.44152776518488767721e+00, 4.44122135021357777873e-01, 3.25819999999999993179e+02, 4.88612249849533686330e+00, 6.99378331619395915419e-02, 6.26428356345659531593e-07, 1.72239516572055761934e+00, 1.81779150795135572553e+07, 7.74722161070347530194e-05, 8.19589960921133631189e+00, 6.67911578299217212340e-01
8.19620780454334330045e+00, 5.59281988602280510925e-01, 7.44050222928493365515e+00, 4.43960815354307536396e-01, 3.25919999999999959073e+02, 4.88037429409396672497e+00, 7.00565235315880052713e-02, 7.52853139703250454004e-07, 1.72248672404320446461e+00, 1.10393521589856725186e+07, 7.81247972955521023794e-05, 8.19620781450942281765e+00, 6.66325595520121494175e-01
8.24937446637181359677e+00, 5.58844857924999494081e-01, 7.48313294099500669887e+00, 4.43627509180665846600e-01, 3.26229999999999961346e+02, 4.89171683375530363946e+00, 7.06319590197203028836e-02, 3.70952632418425105769e-07, 1.72468412378684865516e+00, 1.65778119662563949823e+07, 8.14094023278308603995e-05, 8.24937447151031832959e+00, 6.58288056561445400483e-01
8.24906429973420074475e+00, 5.59047432351197803868e-01, 7.48416814561791632343e+00, 4.43788828847716143589e-01, 3.26129999999999995453e+02, 4.89752019023482887405e+00, 7.05127673248675257422e-02, 2.78014003612978845977e-07, 1.72459256546419781309e+00, 2.34631349827010929585e+07, 8.07313650114386871558e-05, 8.24906430355438935464e+00, 6.59887189259199202773e-01
8.30224116957859159527e+00, 5.58608869317858913739e-01, 7.52674555386653842959e+00, 4.43454583188026052465e-01, 3.26439999999999997726e+02, 4.90860836572517289511e+00, 7.10906523400537393442e-02, 5.06786193600424447610e-07, 1.72669840688517517435e+00, 1.17801501211397722363e+07, 8.40649449351571666092e-05, 8.30224117686112350611e+00, 6.51904010478028261844e-01
8.30255329929618923757e+00, 5.58406226177758702178e-01, 7.52570063665416189025e+00, 4.43293263520975755476e-01, 3.26539999999999963620e+02, 4.90274958628747192790e+00, 7.12103405877698297788e-02, 5.67095081082780939708e-07, 1.72678996520782135349e+00, 2.24153928052932582796e+07, 8.47689479120220814277e-05, 8.30255330751081288554e+00, 6.50291350634356501992e-01
8.35574430331647022285e+00, 5.57966109740883120516e-01, 7.56820516462871406560e+00, 4.42958089564180867992e-01, 3.26849999999999965894e+02, 4.91347123047560430109e+00, 7.17916606329607187575e-02, 5.26239199111053045805e-07, 1.72889580662880937290e+00, 1.21419632266941498965e+07, 8.82556819404130076618e-05, 8.35574431128650374490e+00, 6.42250270118031485467e-01
8.40831536667752388325e+00, 5.57930083543923038825e-01, 7.61277454606474623944e+00, 4.42944637630980964094e-01, 3.26959999999999979536e+02, 4.93581653330326286522e+00, 7.21344263206857849724e-02, 2.56971463650231794225e-07, 1.73081853140448838069e+00, 1.20466564934218502045e+09, 9.03623984647606036174e-05, 8.40831537068132384150e+00, 6.37441123153163480275e-01
8.35511611772130535769e+00, 5.58371532679653337361e-01, 7.57031374465640549687e+00, 4.43280728898281350947e-01, 3.26649999999999977263e+02, 4.92529542702374101282e+00, 7.15511504724704872071e-02, 4.63972624740770792132e-07, 1.72871268998350635648e+00, 1.97248066489044316113e+07, 8.67995135719527806167e-05, 8.35511612463664476991e+00, 6.45499532523700514375e-01
8.35480202492372292511e+00, 5.58574244149038445784e-01, 7.57136688405058499995e+00, 4.43442048565331647936e-01, 3.26549999999999954525e+02, 4.93120039642968244209e+00, 7.14306701490439871494e-02, 4.24060159916038439646e-07, 1.72862113166085484828e+00, 1.76355038230558149517e+07, 8.60797436566341974415e-05, 8.35480203119378650456e+00, 6.47119253038985653426e-01
8.40768325492238766117e+00, 5.58335642381133423484e-01, 7.61489962195409120227e+00, 4.43267276965081447049e-01, 3.26759999999999990905e+02, 4.94773346435403471588e+00, 7.18923370987656767950e-02, 2.33943468810222559104e-07, 1.73063541475919002721e+00, 4.63662341005163714290e+07, 8.88737288056990463623e-05, 8.40768325850968345492e+00, 6.40704584442439717407e-01
8.46057272985699171386e+00, 5.58095721847619241629e-01, 7.65838788163479833315e+00, 4.43091598843471989877e-01, 3.26969999999999970441e+02, 4.96406101062449955919e+00, 7.23558193734057664148e-02, 6.69017695875716336008e-07, 1.73255813953486370593e+00, 1.18519917116224318743e+07, 9.16950144585150012837e-05, 8.46057274049007368433e+00, 6.34352111187482359256e-01
8.51283048565245614725e+00, 5.58260325374117183372e-01, 7.70398978714071525076e+00, 4.43237664131041819715e-01, 3.26979999999999961346e+02, 4.99228550082392263931e+00, 7.25758792648518724633e-02, 1.96969659369976847868e-07, 1.73438930598789320392e+00, 4.30920570299935713410e+07, 9.31002799020261306330e-05, 8.51283048884690707325e+00, 6.31187934321452370767e-01
8.40894747843266010534e+00, 5.57524524706712654165e-01, 7.61064637212301331459e+00, 4.42621998296880481139e-01, 3.27159999999999968168e+02, 4.92388044111245015699e+00, 7.23759113445935076125e-02, 2.57115970765143980339e-07, 1.73100164804979073097e+00, 2.71190931315882839262e+07, 9.18739606820151460303e-05, 8.40894748250318713190e+00, 6.34164412967508250851e-01
8.46248084360230734546e+00, 5.56878639894236138197e-01, 7.65194900136788280776e+00, 4.42123680841170596523e-01, 3.27569999999999993179e+02, 4.92794438778149412883e+00, 7.30840822112360094520e-02, 5.20940827655309514924e-07, 1.73310748947079207305e+00, 2.81666515146338567138e+07, 9.63637254033146721435e-05, 8.46248085228640256616e+00, 6.24457374291848554826e-01
8.51539034195275590378e+00, 5.56637011816904836436e-01, 7.69533820870791807067e+00, 4.41947106794639943406e-01, 3.27779999999999972715e+02, 4.94375624108876809970e+00, 7.35531725098611255387e-02, 6.36725024592941393387e-07, 1.73503021424647041471e+00, 9.20029033746808581054e+06, 9.94040150293093932110e-05, 8.51539035295155777305e+00, 6.18018498212485556387e-01
8.62091016526395392816e+00, 5.56352953252317705690e-01, 7.78308485152393547679e+00, 4.41752632043548809637e-01, 3.28099999999999965894e+02, 4.98094259972166586437e+00, 7.43738926532831606808e-02, 4.89426107440407126836e-07, 1.73878410547517558982e+00, 2.55449543843035474420e+07, 1.04884725715167803932e-04, 8.62091017426627104214e+00, 6.06764666544346797927e-01
8.56734224988657189215e+00, 5.57003038887511792154e-01, 7.74196031300368048278e+00, 4.42253606232670015697e-01, 3.27689999999999997726e+02, 4.97775066030069979206e+00, 7.36568473691380787294e-02, 8.30220260583935748015e-07, 1.73667826405418224134e+00, 2.69166061097130477428e+07, 1.00030300779164950820e-04, 8.56734226439615653703e+00, 6.16585257950404863614e-01
8.56702030476905029843e+00, 5.57206019917692363386e-01, 7.74305126701512858034e+00, 4.42414925899720257174e-01, 3.27589999999999974989e+02, 4.98387102645544821655e+00, 7.35341333714047140635e-02, 1.19024394717648235210e-07, 1.73667826405418157520e+00, 1.30370311464070230722e+08, 9.92684734786193070325e-05, 8.56702030683376669629e+00, 6.18172867667307723849e-01
8.51443039584014371712e+00, 5.57245754400859438782e-01, 7.69858846539652486030e+00, 4.42431065795790612327e-01, 3.27479999999999961346e+02, 4.96199122458031638416e+00, 7.31878342984481899958e-02, 8.08116291821446257399e-07, 1.73475553927851056102e+00, 1.18934587045601047575e+07, 9.69736754114866079815e-05, 8.51443040947141405184e+00, 6.23013520516808139149e-01
8.67286482150974968874e+00, 5.56716909819438221518e-01, 7.82967913038372742562e+00, 4.42057390943158434737e-01, 3.28009999999999990905e+02, 5.01486939754290617088e+00, 7.44763622699248228898e-02, 5.12228489699351958431e-07, 1.74043215528291272953e+00, 2.19619164971341043711e+07, 1.05539579256119301341e-04, 8.67286483104108008035e+00, 6.05353299569680980419e-01
8.61993844067143122345e+00, 5.56962095761480369127e-01, 7.78638755761186995841e+00, 4.42236591044699534070e-01, 3.27799999999999954525e+02, 4.99947442920324292004e+00, 7.40043367064888435447e-02, 7.84392837584475728357e-07, 1.73850943050721640226e+00, 4.06339735485249534249e+07, 1.02329520404426585196e-04, 8.61993845476155584606e+00, 6.11814879073507622564e-01
8.62026234886893938381e+00, 5.56759048258426259004e-01, 7.78528745905273833472e+00, 4.42075271377649292592e-01, 3.27899999999999977263e+02, 4.99330209732016250257e+00, 7.41276767137248465689e-02, 6.91191877334281145724e-07, 1.73860098882986857660e+00, 1.59308280293638594449e+07, 1.03174829110322131007e-04, 8.62026236138356694028e+00, 6.10134949259039327529e-01
8.62058625706644576780e+00, 5.56556000755372037858e-01, 7.78418655731673148068e+00, 4.41913951710598995604e-01, 3.28000000000000000000e+02, 4.98712482001072743287e+00, 7.42508620021153226132e-02, 5.92849102753303765158e-07, 1.73869254715253140908e+00, 1.38954747586501613259e+07, 1.04026549493286697679e-04, 8.62058626788559223542e+00, 6.08451550063853430217e-01
8.62155798165896847252e+00, 5.55946858246209263399e-01, 7.78087902424188282424e+00, 4.41429992709448326682e-01, 3.28299999999999954525e+02, 4.96856334005851518754e+00, 7.46194903693869759920e-02, 2.66985376165932317298e-07, 1.73896722212047194489e+00, 1.21251221038476538658e+09, 1.06620622272848706484e-04, 8.62155798664769257300e+00, 6.03380435742523646425e-01
8.67449417789721266558e+00, 5.55701341732266707041e-01, 7.82412465433695381023e+00, 4.41250792607907282861e-01, 3.28509999999999990905e+02, 4.98369709551641104639e+00, 7.50946216117816534030e-02, 6.51938232930863313735e-07, 1.74079838857351010262e+00, 1.44566717371475957334e+07, 1.09890446511572338227e-04, 8.67449419050906733730e+00, 5.96942988636279814330e-01
8.62188188985647663287e+00, 5.55743810743155042253e-01, 7.77977490098635993121e+00, 4.41268673042398085204e-01, 3.28399999999999977263e+02, 4.96236630564459346715e+00, 7.47420575965152406139e-02, 1.47953134543993024786e-07, 1.73905878044314077258e+00, 5.98813154668323323131e+07, 1.07498431948691949736e-04, 8.62188189264290016922e+00, 6.01683069633140110710e-01
8.67482004917470383987e+00, 5.55498228114832404145e-01, 7.82301132140115740299e+00, 4.41089472940856985872e-01, 3.28609999999999956799e+02, 4.97744770018365390030e+00, 7.52178071740941672774e-02, 5.10790665670807173580e-07, 1.74088994689615228495e+00, 2.81988601030270792544e+07, 1.10793287628078792489e-04, 8.67482005913376319484e+00, 5.95234208315196688943e-01
8.62220579805398301687e+00, 5.55540763240100821108e-01, 7.77866997014150918233e+00, 4.41107353375347788216e-01, 3.28500000000000000000e+02, 4.95616433817150525698e+00, 7.48644705108038877039e-02, 7.97734335819530038129e-07, 1.73905878044312678377e+00, 9.30767902549110352993e+06, 1.08318504679770158264e-04, 8.62220581318988621433e+00, 6.00061349096907226119e-01
8.67514592045219679051e+00, 5.55295114497398101250e-01, 7.82189717380883475784e+00, 4.40928153273806799906e-01, 3.28709999999999979536e+02, 4.97119333240309657640e+00, 7.53408374907731798187e-02, 3.64543732562487520594e-07, 1.74098150521881978037e+00, 3.04881538779234141111e+07, 1.11702937137502577116e-04, 8.67514592761579628188e+00, 5.93521874937472326828e-01
8.67547179172968974115e+00, 5.55092000879963798354e-01, 7.82078221066550050011e+00, 4.40766833606756558428e-01, 3.28809999999999945430e+02, 4.96493399471366725351e+00, 7.54637126427044613308e-02, 2.13338589158176461291e-07, 1.74107306354146662564e+00, 5.02862779970364570618e+07, 1.12619441843728204200e-04, 8.67547179595494633020e+00, 5.91805965651170495789e-01
8.62252970625149117723e+00, 5.55337715737046599962e-01, 7.77756423082095871280e+00, 4.40946033708297602249e-01, 3.28599999999999965894e+02, 4.94995744015265248805e+00, 7.49867291928232454490e-02, 6.68641687272405864282e-07, 1.73915033876577429517e+00, 1.74377100213481336832e+08, 1.09209150701012396522e-04, 8.62252971903753540062e+00, 5.98356632694920675952e-01
8.56959586570923015358e+00, 5.55582171676247127401e-01, 7.73430129299091717598e+00, 4.41124368563318380865e-01, 3.28389999999999986358e+02, 4.93477086663271968803e+00, 7.45115439609864566028e-02, 1.92589724887310195114e-07, 1.73731917231274746172e+00, 4.24035071161337718368e+07, 1.05956613119106700144e-04, 8.56959586926629057757e+00, 6.04805329444297212760e-01
8.56991781082675174730e+00, 5.55379190646066445147e-01, 7.73320394506141539637e+00, 4.40963048896268083876e-01, 3.28490000000000009095e+02, 4.92861132128090151383e+00, 7.46330299575211769669e-02, 8.59668414322411535810e-07, 1.73731917231274413105e+00, 7.13066442895431071520e+06, 1.06765516593964029306e-04, 8.56991782682323588460e+00, 6.03187628723857449664e-01
8.67644940556216504035e+00, 5.54482660027660889668e-01, 7.81743241896488605391e+00, 4.40282874605605833995e-01, 3.29109999999999956799e+02, 4.94612618778275958675e+00, 7.58314079156877512977e-02, 4.97470855429260678804e-07, 1.74125618018676897591e+00, 1.08645023831305950880e+07, 1.15342439828672703862e-04, 8.67644941564443428206e+00, 5.86714351614445739358e-01
8.72907779085877777447e+00, 5.54438681776361574904e-01, 7.86170427935447957424e+00, 4.40264138794869697158e-01, 3.29219999999999970441e+02, 4.96706092219509987018e+00, 7.61890063224923003160e-02, 7.76495279539070215832e-07, 1.74299578831715296090e+00, 1.97109744569698050618e+07, 1.17895264192508333109e-04, 8.72907780702047908505e+00, 5.81922157931877737091e-01
8.67612353428467386607e+00, 5.54685773645095192563e-01, 7.81854983414129378616e+00, 4.40444194272656075473e-01, 3.29009999999999990905e+02, 4.95240041983098411293e+00, 7.57089977748052339601e-02, 6.63772763151255187471e-07, 1.74116462186411613544e+00, 1.22836004736267440021e+07, 1.14405588873100591183e-04, 8.67612354763251758527e+00, 5.88441317726904555840e-01
8.62317752264650572158e+00, 5.54931620730938157671e-01, 7.77535032320080699009e+00, 4.40623394374197174805e-01, 3.28799999999999954525e+02, 4.93752886259814260939e+00, 7.52307841812800415227e-02, 3.94616795289572337925e-07, 1.73933345541108397292e+00, 2.74343635310893207788e+07, 1.11010654489896533120e-04, 8.62317753031203260150e+00, 5.94936603240996619846e-01
8.62350143084401388194e+00, 5.54728573227883936525e-01, 7.77424215312197475214e+00, 4.40462074707146877817e-01, 3.28899999999999977263e+02, 4.93130718815605018079e+00, 7.53525806478054505089e-02, 2.50129798281356219850e-07, 1.73942501373374280860e+00, 3.19804472844515219331e+07, 1.11921605435008999271e-04, 8.62350143574107974587e+00, 5.93221230866279980454e-01
8.62382533904152026594e+00, 5.54525525724829715379e-01, 7.77313317100897727130e+00, 4.40300755040096636339e-01, 3.29000000000000000000e+02, 4.92508059335530656853e+00, 7.54742232022383857659e-02, 8.73798873736129802499e-07, 1.73942501373373148432e+00, 1.04178699983419418335e+08, 1.12772652074379149570e-04, 8.62382535627511082055e+00, 5.91580103856343408886e-01
8.67710114811715094163e+00, 5.54076432792792394899e-01, 7.81519513028475465433e+00, 4.39960235271505406551e-01, 3.29309999999999945430e+02, 4.93356284743592699016e+00, 7.60757637473164355368e-02, 1.50469624227233987996e-07, 1.74143929683208198433e+00, 5.40074373669908419251e+07, 1.17237312384418858498e-04, 8.67710115121465896948e+00, 5.83249504932177975647e-01
8.62414924723902842629e+00, 5.54322478221775383211e-01, 7.77202337596893322313e+00, 4.40139435373046394862e-01, 3.29099999999999965894e+02, 4.91884908077600613296e+00, 7.55957119240984326547e-02, 7.18934810900616328477e-07, 1.73951657205637966186e+00, 1.29301606001662183553e+07, 1.13696876731501502161e-04, 8.62414926153016558885e+00, 5.89857302216109213866e-01
8.67742701939464389227e+00, 5.53873319175357980981e-01, 7.81407525497758559396e+00, 4.39798915604455109563e-01, 3.29409999999999968168e+02, 4.92727374436297704818e+00, 7.61977095975099466552e-02, 7.36526200037849056412e-07, 1.74143929683207598913e+00, 1.13442041442006807774e+07, 1.18125824606495795897e-04, 8.67742703466854869987e+00, 5.81588504710178533230e-01
8.72973345957373147996e+00, 5.54032323021540817898e-01, 7.85945007198469358656e+00, 4.39941499460769214203e-01, 3.29419999999999959073e+02, 4.95440194629258012782e+00, 7.64348921809961390217e-02, 3.96618497582542053523e-07, 1.74317890496244198850e+00, 1.35789266308085657656e+07, 1.19829315357371314122e-04, 8.72973346795868287984e+00, 5.78441220393701160951e-01
8.78204029236881922316e+00, 5.54190358315177489246e-01, 7.90481361074960720003e+00, 4.40083237640089774967e-01, 3.29429999999999949978e+02, 4.98150972847714434977e+00, 7.66708123856466028379e-02, 7.37354799454498251679e-07, 1.74482695477018112662e+00, 1.20656193364927694201e+07, 1.21482056996794843544e-04, 8.78204030825204640109e+00, 5.75378962785400904778e-01
8.83501103881479465940e+00, 5.53940816229635535350e-01, 7.94787777956172902805e+00, 4.39901500340507456421e-01, 3.29639999999999986358e+02, 4.99574619546857245922e+00, 7.71544183632514035676e-02, 5.51376311666314090532e-07, 1.74665812122321462141e+00, 1.02449884747792389244e+07, 1.25168397927166578140e-04, 8.83501105110523177188e+00, 5.68811513468859275555e-01
8.83467927829734911427e+00, 5.54144126079791465855e-01, 7.94902227218278678578e+00, 4.40062820007557642388e-01, 3.29539999999999963620e+02, 5.00217421450801857929e+00, 7.70300275071945927952e-02, 7.75186772263983308905e-07, 1.74656656290056444547e+00, 1.17244388572066444904e+07, 1.24157365509166130266e-04, 8.83467929544277374987e+00, 5.70569974668875490309e-01
8.78171049493135669195e+00, 5.54393603102178667008e-01, 7.90594877446488819572e+00, 4.40244557307140071956e-01, 3.29329999999999984084e+02, 4.98788463167872908599e+00, 7.65470271168645910453e-02, 1.83706299283253181048e-07, 1.74482695477018645569e+00, 3.41687330466652438045e+07, 1.20569584431269279448e-04, 8.78171049885958865389e+00, 5.77048334036719290374e-01
8.88865747739157185947e+00, 5.53283319129034500961e-01, 7.98858649070696547057e+00, 4.39396296931000296393e-01, 3.30049999999999954525e+02, 4.99679165131241820319e+00, 7.78893375152608369305e-02, 4.68691585476172199799e-07, 1.74858084599889762600e+00, 4.50119835811318084598e+07, 1.30982702838360699554e-04, 8.88865748836445668246e+00, 5.58743195262387026823e-01
8.83567455984969107874e+00, 5.53534196529323674341e-01, 7.94558627423707708459e+00, 4.39578861006406973466e-01, 3.29839999999999974989e+02, 4.98287491888150935182e+00, 7.74027270238598630314e-02, 8.41497946069236550808e-07, 1.74674967954585547147e+00, 9.07846332579863071442e+07, 1.27138856482132288264e-04, 8.83567457889107821245e+00, 5.65359394384739033512e-01
8.88799003019670763592e+00, 5.53690068270547675056e-01, 7.99089673635929553797e+00, 4.39718936265100779348e-01, 3.29849999999999965894e+02, 5.00976967797350170031e+00, 7.76398264948502808691e-02, 2.23403602430092247217e-07, 1.74848928767622879832e+00, 5.28291885197859108448e+07, 1.28956771106105105807e-04, 8.88799003534896314704e+00, 5.62219588597811958941e-01
8.94064157983714125066e+00, 5.53641565928988055312e-01, 8.03503367282477043432e+00, 4.39696874290423034282e-01, 3.29959999999999979536e+02, 5.03011437981607389958e+00, 7.80014458902200530366e-02, 7.61793972324276931912e-07, 1.75013733748397393164e+00, 3.09572460526610277593e+07, 1.31704395474028265571e-04, 8.94064159786462653301e+00, 5.57461236066358334362e-01
8.94030589315972434861e+00, 5.53845004881606928215e-01, 8.03619606135128705660e+00, 4.39858193957473220248e-01, 3.29859999999999956799e+02, 5.03664406865979419337e+00, 7.78756932721605538150e-02, 2.78796584896334319347e-07, 1.75013733748397126710e+00, 4.34940542056806564331e+08, 1.30720324329169202250e-04, 8.94030589970939715272e+00, 5.59163720960764831780e-01
8.88732258300184341238e+00, 5.54096817412060960173e-01, 7.99320359425846582724e+00, 4.40041575599201262303e-01, 3.29649999999999977263e+02, 5.02272722507755187138e+00, 7.73896809238702326761e-02, 7.05719926653313592525e-07, 1.74830617103092711417e+00, 8.71045619350041635334e+06, 1.26885511721624142691e-04, 8.88732259902761079218e+00, 5.65756485146660326180e-01
8.83534279933224198089e+00, 5.53737506379479604846e-01, 7.94673244722132565698e+00, 4.39740180673457159433e-01, 3.29740000000000009095e+02, 4.98931309603575012801e+00, 7.72786515084906699968e-02, 3.23039922705063337646e-07, 1.74674967954586013441e+00, 1.49666434002284575254e+07, 1.26186983821730084330e-04, 8.83534280658900250671e+00, 5.67049303994569653398e-01
8.83600632036713662387e+00, 5.53330886679167854858e-01, 7.94443925968312925079e+00, 4.39417541339356731989e-01, 3.29939999999999997726e+02, 4.97643166669159064952e+00, 7.75266449900914311755e-02, 6.03610997467047726924e-07, 1.74684123786851697169e+00, 3.42744251778076961637e+07, 1.28172155882325241802e-04, 8.83600633413205827082e+00, 5.63589411455515554294e-01
8.78368927955612832648e+00, 5.53174134380172044523e-01, 7.89912528586969031608e+00, 4.39276639304838623090e-01, 3.29929999999999949978e+02, 4.94955965138602671516e+00, 7.72873885964718287944e-02, 4.05638516875064908465e-07, 1.74519318806079182238e+00, 5.33753192687259539962e+07, 1.26435978315568738322e-04, 8.78368928863574183197e+00, 5.66665516106927391604e-01
8.78401907699359085768e+00, 5.52970889593170977783e-01, 7.89798511320071305875e+00, 4.39115319637788381613e-01, 3.30029999999999972715e+02, 4.94315454245924357224e+00, 7.74102343735761089238e-02, 1.73858851689834072003e-07, 1.74528474638344532899e+00, 3.47071419001194015145e+07, 1.27463653713155082407e-04, 8.78401908091547944935e+00, 5.64896182306277250262e-01
8.73137263136111840822e+00, 5.53016426134488980892e-01, 7.85380006179545198108e+00, 4.39134901125518062326e-01, 3.29919999999999959073e+02, 4.92266711781326193886e+00, 7.70468835907384824724e-02, 1.25060934047487720434e-07, 1.74354513825305135200e+00, 8.11752049798560738564e+07, 1.24719510601809392258e-04, 8.73137263410857400459e+00, 5.69749817131368074818e-01
8.73170046571859614915e+00, 5.52813246757078657900e-01, 7.85266756815136268699e+00, 4.38973581458467820848e-01, 3.30019999999999981810e+02, 4.91630519255058828776e+00, 7.71688156685535614487e-02, 6.64893204728259018439e-07, 1.74354513825305401653e+00, 1.28653927880561072379e+07, 1.25660409114471398762e-04, 8.73170048043296453955e+00, 5.68060338727284341864e-01
8.78467867186851592010e+00, 5.52564400019168733280e-01, 7.89570225279424864340e+00, 4.38792680303687898657e-01, 3.30229999999999961346e+02, 4.93032925272361310931e+00, 7.76554571006684291046e-02, 4.52127791187730499484e-07, 1.74537630470609417266e+00, 8.13276111489732146263e+08, 1.29466469134508703042e-04, 8.78467868222192826977e+00, 5.61421062682078142458e-01
8.83700160191947681199e+00, 5.52720957128700063343e-01, 7.94099315732411348279e+00, 4.38933582338206007556e-01, 3.30240000000000009095e+02, 4.95707148697148269889e+00, 7.78974543980741479521e-02, 6.13187790131721012248e-07, 1.74702435451382265263e+00, 1.63858309875558130443e+07, 1.31241998150850831080e-04, 8.83700161622498825409e+00, 5.58331704917437665614e-01
8.83733336243692590983e+00, 5.52517647278544132838e-01, 7.93984276720557069495e+00, 4.38772262671155766078e-01, 3.30339999999999974989e+02, 4.95060796177145867603e+00, 7.80207429707965999244e-02, 3.57039184191964060354e-07, 1.74711591283647615924e+00, 2.91149972871744222939e+07, 1.32305865606150194853e-04, 8.83733337083113568156e+00, 5.56546227920068803385e-01
8.83766512295437323132e+00, 5.52314337428388313356e-01, 7.93869153086759826721e+00, 4.38610943004105580112e-01, 3.30439999999999997726e+02, 4.94413937517091284235e+00, 7.81438743948307396048e-02, 8.46242076915130054530e-07, 1.74711591283647682538e+00, 7.78266356002361699939e+06, 1.33300068228132630914e-04, 8.83766514299580840941e+00, 5.54831409057895519332e-01
8.78434887443105516525e+00, 5.52767644806169911043e-01, 7.89684410248366752683e+00, 4.38953999970738195646e-01, 3.30129999999999995453e+02, 4.93674440866269570449e+00, 7.75329238485179955687e-02, 6.93137512515889439139e-07, 1.74528474638342667724e+00, 2.12040502634575590491e+07, 1.28423966795399881451e-04, 8.78434889018123143956e+00, 5.63198254371656936712e-01
8.78500846930597845130e+00, 5.52361155232167666540e-01, 7.89455956320677998406e+00, 4.38631360636637712691e-01, 3.30329999999999984084e+02, 4.92390907738283978290e+00, 7.77778342091848262640e-02, 2.06378400691258895105e-07, 1.74546786302873702112e+00, 4.60872717932009696960e+07, 1.30516733621922171541e-04, 8.78500847406865936762e+00, 5.59640076143339992853e-01
8.78533826674343920615e+00, 5.52157910445166488778e-01, 7.89341603279423065231e+00, 4.38470040969587415702e-01, 3.30429999999999949978e+02, 4.91748388539488345828e+00, 7.79000552530130091489e-02, 7.10896542755104775064e-07, 1.74546786302874235020e+00, 6.80016585663112811744e+06, 1.31498162001151663435e-04, 8.78533828326959209676e+00, 5.57929684885190124710e-01
8.78566806418090173736e+00, 5.51954665658165422037e-01, 7.89227166062820284509e+00, 4.38308721302537229736e-01, 3.30529999999999972715e+02, 4.91105367952792626340e+00, 7.80221203108858729625e-02, 4.56213036521801394228e-07, 1.74555942135138653093e+00, 2.02666416660398170352e+07, 1.32563548998344111172e-04, 8.78566807486834377983e+00, 5.56140733419060784293e-01
8.83899216502416074093e+00, 5.51501098027764591336e-01, 7.93407810461970175453e+00, 4.37965664335904614202e-01, 3.30839999999999974989e+02, 4.91821447033644432167e+00, 7.86348301898422558098e-02, 4.45952085815791644976e-08, 1.74372825489835570067e+00, 8.70570518858364863490e+01, 1.34326724084695212210e-04, 8.83899217061704689513e+00, 5.53644099886014040557e-01
8.83866040450671164308e+00, 5.51704407877920521841e-01, 7.93523273518969318729e+00, 4.38126984002954800168e-01, 3.30740000000000009095e+02, 4.92470327471821089915e+00, 7.85123265682167309487e-02, 7.81547567235871751827e-08, 1.74510162973812499310e+00, 1.41912740616218684409e+02, 1.34532517663215196420e-04, 8.83866041124286816455e+00, 5.53112402563002536482e-01
8.83799688347181877646e+00, 5.52111027578232382851e-01, 7.93753944737614425264e+00, 4.38449623337055283123e-01, 3.30539999999999963620e+02, 4.93766572993817387527e+00, 7.82668487496250286917e-02, 5.80971151761067877784e-07, 1.74720747115912633518e+00, 1.15132189815526288003e+07, 1.34379241274546927043e-04, 8.83799689733731952401e+00, 5.53037962255142567791e-01
8.89065981897616275376e+00, 5.52063071704494867653e-01, 7.98163535243962130039e+00, 4.38428378928698847528e-01, 3.30649999999999977263e+02, 4.95773491156604162455e+00, 7.86340697465481852646e-02, 1.10250000000000019946e-11, 1.74620032960996107718e+00, 1.15692207388258196943e+02, 1.34872273862331296416e-04, 8.89065981897727652949e+00, 5.52608511148705905391e-01
8.94332707325647646712e+00, 5.52014054308036850038e-01, 8.02570376861166856486e+00, 4.38406316954021102461e-01, 3.30759999999999990905e+02, 4.97769126104518733200e+00, 7.90017264571442751064e-02, 1.99084885124610397091e-07, 1.74446072147957043086e+00, 5.16866290975646407446e+01, 1.34719018400500140271e-04, 8.94332711252831380477e+00, 5.53224681208533186627e-01
8.89032609537873241834e+00, 5.52266446275251454701e-01, 7.98279600609226758223e+00, 4.38589698595749089005e-01, 3.30549999999999954525e+02, 4.96425712920179318388e+00, 7.85103431585918026814e-02, 1.10250000000000019946e-11, 1.74757370444973436641e+00, 2.37748783481078703517e+02, 1.35077191487530714467e-04, 8.89032609537940921030e+00, 5.52060687996458354654e-01
8.89132726617102697730e+00, 5.51656322562981693558e-01, 7.97931148087309782824e+00, 4.38105739594598364572e-01, 3.30849999999999965894e+02, 4.94467518536617856029e+00, 7.88810490209125581007e-02, 1.10250000000000019946e-11, 1.74345357993041516487e+00, 5.70018145416543973170e+01, 1.34460591809832920524e-04, 8.89132726617301294425e+00, 5.53702523907946719817e-01
8.94466981996614407535e+00, 5.51200298497561136379e-01, 8.02101818748275618987e+00, 4.37761038285820136551e-01, 3.31159999999999968168e+02, 4.95135625122695266498e+00, 7.94980482283305783797e-02, 2.07254617989557409884e-08, 1.73896722212048926437e+00, 2.67465287074304995940e+01, 1.33888565546611335152e-04, 8.94466982739738902808e+00, 5.55352206705832185385e-01
8.94433413328872717329e+00, 5.51403737450180120305e-01, 8.02219087730334123876e+00, 4.37922357952870433540e-01, 3.31059999999999945430e+02, 4.95794770385887950681e+00, 7.93742060015709682830e-02, 5.91030806864753264858e-08, 1.74034059696025655839e+00, 3.04249278977073558394e+01, 1.34097071946553194092e-04, 8.94433415209167392845e+00, 5.54818851112124589164e-01
8.94399844661130849488e+00, 5.51607176402798993209e-01, 8.02336270346275703957e+00, 4.38083677619920619506e-01, 3.30959999999999979536e+02, 4.96453402493826168040e+00, 7.92502050172119443250e-02, 1.01676409656876741951e-07, 1.74171397180002651695e+00, 3.52680860258935453544e+01, 1.34304984512296495891e-04, 8.94399847485527743629e+00, 5.54286479122495068239e-01
8.94366275993389336918e+00, 5.51810615355417866112e-01, 8.02453366691474911931e+00, 4.38244997286970860984e-01, 3.30859999999999956799e+02, 4.97111521161303659966e+00, 7.91260451956693755537e-02, 1.48286219343001236195e-07, 1.74308734663980513524e+00, 4.19331829795854318377e+01, 1.34512300557469065493e-04, 8.94366279515053541616e+00, 5.53755090859903709166e-01
8.89099354257359486553e+00, 5.51859697133738391628e-01, 7.98047384434785378460e+00, 4.38267059261648661561e-01, 3.30750000000000000000e+02, 4.95120759601752791212e+00, 7.87576383408152558285e-02, 1.10250000000000019946e-11, 1.74482695477018845409e+00, 7.63980023203868796600e+01, 1.34666739906924115382e-04, 8.89099354257514562505e+00, 5.53155790061364505128e-01
8.99734924534236313320e+00, 5.51149974683039389767e-01, 8.06502465370598642380e+00, 4.37738167798479071990e-01, 3.31269999999999981810e+02, 4.97100393130562068222e+00, 7.98691389327621653615e-02, 2.47055206798568650752e-07, 1.73722761399009928418e+00, 2.06950651819288218292e+01, 1.33727804797346565323e-04, 8.99734935874579910831e+00, 5.55990915192439150161e-01
8.99701159558495966451e+00, 5.51353477682533399395e-01, 8.06620597340458900248e+00, 4.37899487465529257957e-01, 3.31169999999999959073e+02, 4.97764436405723387224e+00, 7.97445506604647497140e-02, 2.89660999844088963676e-07, 1.73860098882987590407e+00, 2.28500864254579276746e+01, 1.33937335312195099010e-04, 8.99701171667153509759e+00, 5.55457205244767160401e-01
9.05003298949454837441e+00, 5.51098613067701248447e-01, 8.10900360220701443836e+00, 4.37714497699814686360e-01, 3.31379999999999995453e+02, 4.99053795877854966534e+00, 8.02406770020840515167e-02, 1.10250000000000019946e-11, 1.73557956418238412688e+00, 1.68780312428030079275e+01, 1.33642778803069213608e-04, 9.05003298950072831985e+00, 5.56533372843695084420e-01
9.05037260233193485703e+00, 5.50895046352631312381e-01, 8.10781275804986023559e+00, 4.37553178032764389371e-01, 3.31479999999999961346e+02, 4.98384321272710728579e+00, 8.03658495408342832267e-02, 1.10250000000000019946e-11, 1.73420618934261083766e+00, 1.56659304032151887043e+01, 1.33431726318671483797e-04, 9.05037260233857310254e+00, 5.57084618729080549571e-01
8.99768689509976482555e+00, 5.50946471683545491160e-01, 8.06384246298278029030e+00, 4.37576848131428830513e-01, 3.31370000000000004547e+02, 4.96435832767993190373e+00, 7.99935675258711953450e-02, 2.08594665418215025273e-07, 1.73585423915033532083e+00, 1.89090739553549838092e+01, 1.33517684808512619894e-04, 8.99768699941308014445e+00, 5.56525612598490093674e-01
9.04969337665716011543e+00, 5.51302179782771073491e-01, 8.11019356891638310003e+00, 4.37875817366864872326e-01, 3.31279999999999972715e+02, 4.99722749167783142354e+00, 8.01153437835684517632e-02, 3.61185142315729890175e-08, 1.73695293902213676596e+00, 1.82953403079195133785e+01, 1.33853346174335474661e-04, 9.04969339540533646016e+00, 5.55995204541535725795e-01
9.10340420425744412114e+00, 5.50638964352233362121e-01, 8.15055513766002093234e+00, 4.37367397408176039608e-01, 3.31689999999999997726e+02, 4.99646489120016124019e+00, 8.08643394047188768248e-02, 1.05889191413306769380e-07, 1.73109320637244890051e+00, 1.25510688744098413139e+01, 1.33050017346536542107e-04, 9.10340428365191911553e+00, 5.58240853672712145084e-01
9.10306262834007284823e+00, 5.50842594455206335802e-01, 8.15175553726048818248e+00, 4.37528717075226281086e-01, 3.31589999999999974989e+02, 5.00321415256118307013e+00, 8.07385856260493250947e-02, 1.48703630042927431754e-07, 1.73246658121222485427e+00, 1.33281069548653814394e+01, 1.33262801754562519845e-04, 9.10306273354832207190e+00, 5.57704428989607148281e-01
9.10374578017481539405e+00, 5.50435334249260388439e-01, 8.14935385221613195483e+00, 4.37206077741125798131e-01, 3.31789999999999963620e+02, 4.98971038018103740797e+00, 8.09899316644473454829e-02, 6.71480528017315508449e-08, 1.72971983153267760969e+00, 1.18586712977516395284e+01, 1.32836652107585920582e-04, 9.10374583336544951351e+00, 5.58778280672865390599e-01
9.10408735609218666696e+00, 5.50231704146287414758e-01, 8.14815167994789035788e+00, 4.37044758074075556653e-01, 3.31889999999999986358e+02, 4.98295062245649056365e+00, 8.11153624854134280842e-02, 3.25141790765391246458e-08, 1.72834645669291098180e+00, 1.12378012516293583900e+01, 1.32622708420582658285e-04, 9.10408738322712274282e+00, 5.59316708842860998985e-01
9.10272105242269979897e+00, 5.51046224558179309483e-01, 8.15295505199702041921e+00, 4.37690036742276522563e-01, 3.31490000000000009095e+02, 5.00995816132575111368e+00, 8.06126702480406964746e-02, 1.95645321740800089044e-07, 1.73383995605199214829e+00, 1.42063194428188275253e+01, 1.33475003242164571649e-04, 9.10272118258224338661e+00, 5.57169008480955851859e-01
9.05105182800670782228e+00, 5.50487912922491551271e-01, 8.10542843350730279894e+00, 4.37230538698663906416e-01, 3.31679999999999949978e+02, 4.97043809281916271203e+00, 8.06157128993433141906e-02, 1.10250000000000019946e-11, 1.73145943966306492534e+00, 1.36936607167209505320e+01, 1.33007826839836272581e-04, 9.05105182801426266792e+00, 5.58185481919577730636e-01
8.99836219461456643387e+00, 5.50539465684557471903e-01, 8.06147546460630515242e+00, 4.37254208797328347558e-01, 3.31569999999999993179e+02, 4.95105161939889359957e+00, 8.02419459928758460610e-02, 1.44094983232281168921e-07, 1.73310748947078008264e+00, 1.61204589145187178190e+01, 1.33095685241478182753e-04, 8.99836227853273484811e+00, 5.57597981185873003973e-01
9.05207066651886904651e+00, 5.49877212777281854095e-01, 8.10184534151681745584e+00, 4.36746579697513181983e-01, 3.31979999999999961346e+02, 4.95029138751037223187e+00, 8.09893048350405625468e-02, 2.68490565292522327574e-07, 1.72724775682109088493e+00, 1.14855860668769054200e+01, 1.32287978567305640259e-04, 9.05207088462965003828e+00, 5.59855559156537618826e-01
9.10442893200955793986e+00, 5.50028074043314441077e-01, 8.14694861987290863681e+00, 4.36883438407025315176e-01, 3.31990000000000009095e+02, 4.97618562099351358086e+00, 8.12406319475757338067e-02, 1.98111978458900957744e-09, 1.72697308185312836670e+00, 1.06779196257166884010e+01, 1.32408188548806786270e-04, 9.10442893374708006604e+00, 5.59856141222062286822e-01
9.05173105368148256389e+00, 5.50080779492351790161e-01, 8.10304058750457478766e+00, 4.36907899364563478972e-01, 3.31879999999999995453e+02, 4.95701215539892370288e+00, 8.08649344975211625819e-02, 2.90476366243083729478e-07, 1.72862113166085551441e+00, 1.21314641859636331844e+01, 1.32502017050104573198e-04, 9.05173127746386896320e+00, 5.59315504476999625361e-01
9.05241027935625375278e+00, 5.49673646062212029051e-01, 8.10064921223453282551e+00, 4.36585260030462996017e-01, 3.32079999999999984084e+02, 4.94356542413855049034e+00, 8.11135149703062913185e-02, 2.50552014800623248102e-07, 1.72587438198131426503e+00, 1.09041810463602075743e+01, 1.32073366232760258101e-04, 9.05241049342444625836e+00, 5.60396627347653719653e-01
9.05139144084409430491e+00, 5.50284346207421615205e-01, 8.10423495117586512038e+00, 4.37069219031613720450e-01, 3.31779999999999972715e+02, 4.96372772482388846527e+00, 8.07404038787083722095e-02, 1.10250000000000019946e-11, 1.73008606482329230225e+00, 1.28806140919248548471e+01, 1.32794984451310797138e-04, 9.05139144085211100332e+00, 5.58735097122288082439e-01
9.10477050792693098913e+00, 5.49824443940341467396e-01, 8.14574467100735688518e+00, 4.36722118739975073698e-01, 3.32089999999999974989e+02, 4.96941537877340522300e+00, 8.13657401306747823932e-02, 1.10250000000000019946e-11, 1.72559970701336706789e+00, 1.01714646003948008257e+01, 1.32193173013595081629e-04, 9.10477050793707043397e+00, 5.60405899597383516664e-01
9.10511208384430226204e+00, 5.49620813837368493715e-01, 8.14453983236594503126e+00, 4.36560799072924887732e-01, 3.32189999999999997726e+02, 4.96263989879177813691e+00, 8.14906871142312833056e-02, 1.10250000000000019946e-11, 1.72422633217359444480e+00, 9.71014213956247296267e+00, 1.31977578867970376684e-04, 9.10511208385491066508e+00, 5.60955861787892584580e-01
9.05071221516932133966e+00, 5.50691479637561487337e-01, 8.10662103547405621384e+00, 4.37391858365714203405e-01, 3.31579999999999984084e+02, 4.97714325643280375289e+00, 8.04908614799498267622e-02, 1.10250000000000019946e-11, 1.73283281450283821457e+00, 1.46144543096948407168e+01, 1.33220074898431181838e-04, 9.05071221517641966159e+00, 5.57635322097754460025e-01
8.99802454485716651789e+00, 5.50742968684051481532e-01, 8.06265940027126148948e+00, 4.37415528464378589035e-01, 3.31469999999999970441e+02, 4.95770755607478452731e+00, 8.01178365194338826250e-02, 1.74250257663417480490e-07, 1.73448086431056203160e+00, 1.74047962813661705184e+01, 1.33306977469819414386e-04, 8.99802463916084249718e+00, 5.57061302737153818398e-01
8.89166098976845908908e+00, 5.51452947992225106510e-01, 7.97814826107009089640e+00, 4.37944419927548178606e-01, 3.30949999999999988631e+02, 4.93813768243579431783e+00, 7.90043018661436419192e-02, 2.96415153448230615435e-07, 1.74198864676797637863e+00, 4.50918890384773973778e+01, 1.34174103756880535318e-04, 8.89166105533691641938e+00, 5.54281464080573549325e-01
8.73202830007607389007e+00, 5.52610067379668334908e-01, 7.85153424183456305485e+00, 4.38812261791417634882e-01, 3.30120000000000004547e+02, 4.90993828706592161382e+00, 7.72905925295003931597e-02, 4.39348624428459028187e-07, 1.74363669657570619087e+00, 5.59090067016131654382e+07, 1.26681925847579580869e-04, 8.73202830987453992861e+00, 5.66291425303803830360e-01
8.67938224705959804339e+00, 5.52654637470752274631e-01, 7.80733871257776268493e+00, 4.38830997602153716208e-01, 3.30009999999999990905e+02, 4.88943523205668917342e+00, 7.69261407693865723045e-02, 3.15501672304431492610e-07, 1.74189708844533619470e+00, 1.93340922762705564499e+09, 1.23951295788911884134e-04, 8.67938225391181639168e+00, 5.71157384136184331780e-01
8.67970811833708921768e+00, 5.52451523853317860713e-01, 7.80621306527357994298e+00, 4.38669677935103419220e-01, 3.30109999999999956799e+02, 4.88311152270762960370e+00, 7.70470060440846399308e-02, 8.66461255560818969968e-07, 1.74189708844533286403e+00, 2.06741113624044395983e+07, 1.24886470263424931466e-04, 8.67970813729353629640e+00, 5.69468055434023678885e-01
8.62641660462158021971e+00, 5.52901145700395835192e-01, 7.76423197345394111579e+00, 4.39010197703694815541e-01, 3.29799999999999954525e+02, 4.87509101444918524493e+00, 7.64418323007351879772e-02, 2.70612096982714594638e-07, 1.74006592199229537243e+00, 2.80445000712280794978e+07, 1.20292991375383037417e-04, 8.62641661030023243484e+00, 5.77771410578024613436e-01
8.62674051281908838007e+00, 5.52698098197341614046e-01, 7.76311564269625087320e+00, 4.38848878036644518552e-01, 3.29899999999999977263e+02, 4.86882025412447649870e+00, 7.65620931995943526660e-02, 8.48147209732831539809e-07, 1.74006592199230603057e+00, 2.94738452222517311573e+08, 1.21202379669338919095e-04, 8.62674053074746360892e+00, 5.76094525953379732464e-01
8.57378115223702330638e+00, 5.52943418283898480148e-01, 7.71997286785394365438e+00, 4.39027212891665297168e-01, 3.29689999999999997726e+02, 4.85431638414619204269e+00, 7.60789397198923939003e-02, 6.73925092770794883997e-07, 1.73823475553927053738e+00, 1.55170370150286238641e+07, 1.17617917238709894187e-04, 8.57378116599984885227e+00, 5.82696531430372588467e-01
8.57345920711950171267e+00, 5.53146399314079051379e-01, 7.72107991257260550810e+00, 4.39188532558715483134e-01, 3.29589999999999974989e+02, 4.86053439441654155928e+00, 7.59592861785569617439e-02, 8.46717958553173611991e-07, 1.73814319721662569052e+00, 5.63438145118463337421e+07, 1.16664797028792892753e-04, 8.57345922427634654639e+00, 5.84437198615661124279e-01
8.57313726200197656624e+00, 5.53349380344259733633e-01, 7.72218614432599714803e+00, 4.39349852225765724612e-01, 3.29490000000000009095e+02, 4.86674754699851241924e+00, 7.58394803629181823990e-02, 2.37254693877545337881e-07, 1.73814319721661969531e+00, 1.07875165020218923688e+08, 1.15787144661121183995e-04, 8.57313726677424625677e+00, 5.86097764573459745208e-01
8.52019007251582038975e+00, 5.53593298897131602665e-01, 7.67897956053885266670e+00, 4.39527311788886376753e-01, 3.29279999999999972715e+02, 4.85192665313441295893e+00, 7.53593050165167893661e-02, 6.35652050488830472077e-07, 1.73622047244094268592e+00, 1.35901217588339224458e+07, 1.12284013863127372750e-04, 8.52019008486054651996e+00, 5.92728254584226177393e-01
8.57281531688445497252e+00, 5.53552361374440415887e-01, 7.72329156400930028070e+00, 4.39511171892816021600e-01, 3.29389999999999986358e+02, 4.87295583923200492649e+00, 7.57195221954323899327e-02, 3.99752457655295427903e-07, 1.73805163889396818711e+00, 1.49132539314360134304e+07, 1.14847668305332223674e-04, 8.57281532486290309691e+00, 5.87830880349187956391e-01
8.51987009047828358632e+00, 5.53796213091783062765e-01, 7.68007573886629746340e+00, 4.39688631455936618231e-01, 3.29179999999999949978e+02, 4.85808247175113461225e+00, 7.52399590441310273103e-02, 7.76495279539070215832e-07, 1.73612891411828851318e+00, 1.90588197656327597797e+07, 1.11371024148229329632e-04, 8.51987010544046619032e+00, 5.94449831079324697569e-01
8.51955010844074678289e+00, 5.53999127286434744910e-01, 7.68117111312352562891e+00, 4.39849951122986859708e-01, 3.29079999999999984084e+02, 4.86423346634146547274e+00, 7.51204615735670683252e-02, 1.28988271179819265104e-07, 1.73612891411828385024e+00, 5.52256677206586450338e+07, 1.10530434118957511481e-04, 8.51955011090792524442e+00, 5.96090404015646502245e-01
8.46661509005049417453e+00, 5.54241628995239210553e-01, 7.63790091689362338201e+00, 4.40026525169517512825e-01, 3.28870000000000004547e+02, 4.84909713631910577192e+00, 7.46432769713462618277e-02, 3.21048383004863971156e-07, 1.73420618934260817312e+00, 3.00265959693628028035e+07, 1.07174088845134700540e-04, 8.46661509597825556739e+00, 6.02674546015485868011e-01
8.46629707109294216139e+00, 5.54444475987469709288e-01, 7.63898629108092297457e+00, 4.40187844836567698792e-01, 3.28769999999999981810e+02, 4.85519110659106267747e+00, 7.45242449573700338483e-02, 4.28855104145227257547e-07, 1.73411463101995466651e+00, 2.03384113322119377553e+07, 1.06299683834811889709e-04, 8.46629707894926042400e+00, 6.04377322810437100920e-01
8.41337226071861188359e+00, 5.54685612846240183593e-01, 7.59566183706495046124e+00, 4.40363522958177155964e-01, 3.28559999999999945430e+02, 4.83979288450568478908e+00, 7.40494425812618789484e-02, 4.35414394640417745902e-07, 1.73219190624427565872e+00, 1.38805344088515415788e+07, 1.03061574146096288367e-04, 8.41337226841730867477e+00, 6.10927453686123000942e-01
8.41305620484104110801e+00, 5.54888392264845431434e-01, 7.59673725636503238690e+00, 4.40524842625227397441e-01, 3.28459999999999979536e+02, 4.84583010331272046045e+00, 7.39308807815007712483e-02, 5.14826779875022595715e-07, 1.73210034792161748918e+00, 1.86846889104803837836e+07, 1.02218372960700303650e-04, 8.41305621387224711327e+00, 6.12615427173166526842e-01
8.35982750968505072819e+00, 5.55330860638876488977e-01, 7.55442416629469981615e+00, 4.40860933892527784295e-01, 3.28149999999999977263e+02, 4.83615179599840416813e+00, 7.33403772863927966297e-02, 3.79175722442793809375e-07, 1.73008606482328430864e+00, 1.59813698845219183713e+07, 9.82816958508817879606e-05, 8.35982751605337526257e+00, 6.20805225857623543817e-01
8.30692311534256155880e+00, 5.55569222216356739530e-01, 7.51099153263298280336e+00, 4.41034788182272485813e-01, 3.27939999999999997726e+02, 4.82023298775390074411e+00, 7.28703496214435364475e-02, 8.01780860620936050454e-07, 1.72807178172495845558e+00, 1.83817338498587794602e+07, 9.52113896202819810560e-05, 8.30692312832922041821e+00, 6.27368252844463403228e-01
8.25433713257362455806e+00, 5.55603667105828091799e-01, 7.46646667629577276415e+00, 4.41046394507862093981e-01, 3.27829999999999984084e+02, 4.79822889325072488020e+00, 7.25189106649392623005e-02, 2.41425775252951128347e-07, 1.72624061527192163013e+00, 4.20683516993828788400e+07, 9.30515120743119228961e-05, 8.25433713637622368253e+00, 6.32178363873419413288e-01
8.30723524506015920110e+00, 5.55366579076256527969e-01, 7.50993511570634719732e+00, 4.40873468515222188824e-01, 3.28039999999999963620e+02, 4.81430377658284314180e+00, 7.29878086610802057077e-02, 7.76058865214999978547e-07, 1.72816334004760596699e+00, 1.06902358398359883577e+07, 9.60007393887693971819e-05, 8.30723525773056614696e+00, 6.25705773438800738617e-01
8.25464729921123741008e+00, 5.55401092679629782012e-01, 7.46541855543647869808e+00, 4.40885074840811852503e-01, 3.27929999999999949978e+02, 4.79234637694917697814e+00, 7.26355919113670644993e-02, 2.35527049424820514972e-07, 1.72633217359455981565e+00, 8.39583698172619789839e+07, 9.38240935515312693416e-05, 8.25464730295050763687e+00, 6.30523544660680723695e-01
8.25495746584885026209e+00, 5.55198518253431583247e-01, 7.46436966728245288039e+00, 4.40723755173761611026e-01, 3.28029999999999972715e+02, 4.78645922568378257012e+00, 7.27521261819668585424e-02, 2.24032460961043772209e-07, 1.72642373191722797721e+00, 2.96829707278410720825e+10, 9.46025670356465727545e-05, 8.25495746943396468964e+00, 6.28865341800515897930e-01
8.20144726502302567894e+00, 5.55839398110541393905e-01, 7.42295338131879933741e+00, 4.41218381014453542299e-01, 3.27620000000000004547e+02, 4.78194703325753778245e+00, 7.20517661904218897906e-02, 3.39423481748932746995e-07, 1.72422633217358978186e+00, 1.94117861218778789043e+07, 9.01307268272167727129e-05, 8.20144727017759223031e+00, 6.38709569687275879879e-01
8.20175546858065374067e+00, 5.55636892787497838064e-01, 7.42191429996651574896e+00, 4.41057061347403245311e-01, 3.27719999999999970441e+02, 4.77611569209356190413e+00, 7.21678146917024837537e-02, 3.59052071585010952244e-07, 1.72431789049623862553e+00, 1.62144705880845654756e+07, 9.08807071452592162486e-05, 8.20175547407695226809e+00, 6.37065524891907375427e-01
8.14887188288600583519e+00, 5.55871320841842098126e-01, 7.37836520096093195775e+00, 4.41228096971612582244e-01, 3.27509999999999990905e+02, 4.75967845997293181881e+00, 7.17017839298913911561e-02, 3.02985934400776824828e-07, 1.72230360739789278846e+00, 2.67773840521599650383e+07, 8.80219607027743212698e-05, 8.14887188735720258137e+00, 6.43586547081011817184e-01
8.09599654212729546998e+00, 5.56104361143027747794e-01, 7.33477129963267682200e+00, 4.41398170104511822220e-01, 3.27299999999999954525e+02, 4.74303530382312743541e+00, 7.12374953104426833495e-02, 8.92666816039552259385e-07, 1.72019776597690610132e+00, 1.85690990737782977521e+07, 8.51936668959165646024e-05, 8.09599655481886770758e+00, 6.50167844016736107271e-01
8.04282713198684717781e+00, 5.56538293333062261681e-01, 7.29214477838359176332e+00, 4.41728588586259907078e-01, 3.26990000000000009095e+02, 4.73186583199470423011e+00, 7.06608116379441875132e-02, 3.63929423449844244590e-07, 1.71809192455594006432e+00, 2.41322579408554993570e+07, 8.18137981589421619177e-05, 8.04282713693362616425e+00, 6.58260171782915293193e-01
8.04312944630452086869e+00, 5.56335997702660400854e-01, 7.29113263641784570268e+00, 4.41567268919209721112e-01, 3.27089999999999974989e+02, 4.72618684479603512472e+00, 7.07749443199708061503e-02, 4.64233538324120219215e-07, 1.71818348287858024825e+00, 2.61478044207051657140e+07, 8.24991251709376448732e-05, 8.04312945266555523460e+00, 6.56647869298516040359e-01
7.98966989294230600649e+00, 5.56970664080570943000e-01, 7.24945496215420170927e+00, 4.42058020699410858523e-01, 3.26679999999999949978e+02, 4.72038644079416247479e+00, 7.00870074225946187996e-02, 4.18376940922196833390e-07, 1.71589452481228721403e+00, 3.47170303765402287245e+07, 7.85094314222669194215e-05, 7.98966989837549945719e+00, 6.66390037620696151777e-01
7.93712160130907751210e+00, 5.56997147956142413250e-01, 7.20471551323143799550e+00, 4.42063814830244261600e-01, 3.26569999999999993179e+02, 4.69745488227734675490e+00, 6.97421952702561853688e-02, 5.48285232364978778014e-07, 1.71388024171395270123e+00, 4.47521699366233646870e+07, 7.66025871037932304993e-05, 7.93712160822116175041e+00, 6.71302879650842565518e-01
7.93682321315137340179e+00, 5.57199301756227227678e-01, 7.20570911889252929683e+00, 4.42225134497294503078e-01, 3.26469999999999970441e+02, 4.70302886620748861191e+00, 6.96292129826219657884e-02, 3.84542558129458228452e-07, 1.71378868339131651410e+00, 2.08818886742951571941e+07, 7.59629564632500749004e-05, 7.93682321796028134031e+00, 6.72891414109248908737e-01
7.88428120337409676921e+00, 5.57224402821757558435e-01, 7.16093393807356193292e+00, 4.42229917465163324675e-01, 3.26359999999999956799e+02, 4.67994421238669833230e+00, 6.92854782967976118302e-02, 3.42682974571474002205e-07, 1.71177440029297001090e+00, 3.01379424686571396887e+07, 7.41124289169406316562e-05, 7.88428120753369032769e+00, 6.77795160305257882172e-01
7.88457762845181608924e+00, 5.57022320562664208232e-01, 7.15994846793721517741e+00, 4.42068597798113138708e-01, 3.26459999999999979536e+02, 4.67441583050895559381e+00, 6.93976689396051255043e-02, 5.29503586388203201816e-07, 1.71186595861561752230e+00, 1.41557450802557226270e+07, 7.47374684295084386245e-05, 7.88457763493146934763e+00, 6.76213700245140270084e-01
7.83174351237278809634e+00, 5.57248176237671533073e-01, 7.11613114562236415139e+00, 4.42233676514095730425e-01, 3.26250000000000000000e+02, 4.65675232947484118995e+00, 6.89420192381715174479e-02, 1.46545850798071034222e-07, 1.70976011719464149330e+00, 1.74324911397032052279e+08, 7.23025220623189663217e-05, 7.83174351409915647793e+00, 6.82696954641021980237e-01
7.77891764122969586737e+00, 5.57472543635103789939e-01, 7.07226925156663099870e+00, 4.42397718307649012726e-01, 3.26039999999999963620e+02, 4.63888659972343919691e+00, 6.84880814938830656535e-02, 4.20499167071631494354e-07, 1.70756271745101328996e+00, 1.62737351561012789607e+07, 6.98967554518545113561e-05, 7.77891764599569590644e+00, 6.89244587016596854667e-01
7.72610001502254117867e+00, 5.57695404872956324027e-01, 7.02836282131133671669e+00, 4.42560709921254458177e-01, 3.25829999999999984084e+02, 4.62081924969645640999e+00, 6.80358499227042556878e-02, 4.86135420880568298516e-07, 1.70536531770737509461e+00, 1.44593751244834940881e+07, 6.75643457354484547848e-05, 7.72610002032273879280e+00, 6.95774015372283449743e-01
7.67300206099354387135e+00, 5.58118533522757531706e-01, 6.98536221097730791740e+00, 4.42883957503698244551e-01, 3.25519999999999981810e+02, 4.60788116149055504422e+00, 6.74757576757037957904e-02, 9.09382354597904963680e-07, 1.70298480131843921193e+00, 2.89156833151281401515e+07, 6.47114580869823661016e-05, 7.67300207044665061318e+00, 7.03911482749261852021e-01
7.62020288773824638895e+00, 5.58338253689892649589e-01, 6.94135809787094437695e+00, 4.43044807934924067538e-01, 3.25309999999999945430e+02, 4.58936334067189211083e+00, 6.70275848006717384076e-02, 5.08212745445369527418e-07, 1.70078740157478902617e+00, 4.15016313986729159951e+07, 6.25382440192937883502e-05, 7.62020289281823792749e+00, 7.10395455453321278405e-01
7.62048949741604086938e+00, 5.58136535608637851524e-01, 6.94041649006536331967e+00, 4.42883488267873826061e-01, 3.25409999999999968168e+02, 4.58408211179955138448e+00, 6.71364810259425376371e-02, 8.54368562335715915119e-07, 1.70087895989744319891e+00, 3.64861543999408185482e+07, 6.30718237002948409458e-05, 7.62048950602647323649e+00, 7.08863392353588972483e-01
7.56769660601669524880e+00, 5.58354767581597521975e-01, 6.89637665581613568122e+00, 4.43043247154104813390e-01, 3.25199999999999988631e+02, 4.56541352999756711029e+00, 6.66893309809849371694e-02, 2.54098316461855207891e-07, 1.69868156015381499557e+00, 2.96047831197479255497e+07, 6.09487565040840397921e-05, 7.56769660847885017319e+00, 7.15339358707534289650e-01
7.51491195955328450395e+00, 5.58571418326118784847e-01, 6.85229241882319506374e+00, 4.43201900152219607776e-01, 3.24990000000000009095e+02, 4.54654574003371081403e+00, 6.62438616609635072541e-02, 3.21048383004863971156e-07, 1.69639260208752662429e+00, 5.12856981995702311397e+07, 5.88538665450275878550e-05, 7.51491196254222959539e+00, 7.21882990304331673137e-01
7.51462927603546049227e+00, 5.58772987610442584128e-01, 6.85321668727285704392e+00, 4.43363219819269849253e-01, 3.24889999999999986358e+02, 4.55172944762658548967e+00, 6.61363031941287343729e-02, 8.14044008540741316450e-07, 1.69620948544220828680e+00, 3.19649346024310588837e+08, 5.83165958127436809917e-05, 7.51462928354801995567e+00, 7.23481366148350235612e-01
7.40936740143427652328e+00, 5.58999896935350015781e-01, 6.76399086015553496765e+00, 4.43515829653816862077e-01, 3.24569999999999993179e+02, 4.50821492364889397919e+00, 6.53579370907732826179e-02, 6.64146033730010406374e-07, 1.69172312763229037991e+00, 6.05426027037483602762e+07, 5.48251204560200883632e-05, 7.40936740713647878920e+00, 7.35005978152463268493e-01
7.35660748977867751108e+00, 5.59211684208330894741e-01, 6.71977359792431450103e+00, 4.43671075989160335062e-01, 3.24359999999999956799e+02, 4.48875308570442665967e+00, 6.49174671567275402007e-02, 9.37412890957686131172e-07, 1.68934261124334716975e+00, 1.82647485878367237747e+07, 5.28897527316080572849e-05, 7.35660749750397346958e+00, 7.41586298356920137209e-01
7.30385582305901426281e+00, 5.59421809047540019577e-01, 6.67551205180595541577e+00, 4.43825156083390404138e-01, 3.24149999999999977263e+02, 4.46909441652716310500e+00, 6.44786485693980282452e-02, 9.63595009960516912640e-07, 1.68696209485441728226e+00, 2.18359440492805801332e+07, 5.10169888495363939079e-05, 7.30385583067959753834e+00, 7.48150820155529916455e-01
7.25111240127528855481e+00, 5.59630250112743921065e-01, 6.63120624912175582466e+00, 4.43978054061308358147e-01, 3.23939999999999997726e+02, 4.44923950476334173487e+00, 6.40414733316495149440e-02, 7.32809010364563368418e-07, 1.68458157846548206571e+00, 6.57172428155565261841e+07, 4.92050000028738411788e-05, 7.25111240683568691878e+00, 7.54699648095214836729e-01
7.19864812946541388072e+00, 5.59635874076471750982e-01, 6.58598263154612784120e+00, 4.43968434048117699398e-01, 3.23829999999999984084e+02, 4.42428936885037682458e+00, 6.37092828194596588753e-02, 8.72326395778600972446e-07, 1.68229262039917903948e+00, 1.65865391872186362743e+07, 4.78644668447427963729e-05, 7.19864813586875218476e+00, 7.59772839333127114614e-01
7.19837722442749949892e+00, 5.59836985624910576931e-01, 6.58685621620381667185e+00, 4.44129753715167940875e-01, 3.23729999999999961346e+02, 4.42918893680009784219e+00, 6.36059331743431266570e-02, 2.34601995998331408633e-07, 1.68220106207652753127e+00, 4.24223281779705882072e+07, 4.74520044582827342375e-05, 7.19837722613517261294e+00, 7.61232897005340691798e-01
7.14538135055771395088e+00, 5.60243026890444584254e-01, 6.54332647721283500175e+00, 4.44441558162288530287e-01, 3.23419999999999959073e+02, 4.41379164823098246728e+00, 6.30692318265864276805e-02, 6.99007340367031813121e-07, 1.67954587071963978850e+00, 4.96102304327997416258e+07, 4.53016026306586643479e-05, 7.14538135539187813094e+00, 7.69375102650865949627e-01
7.14511240859978435935e+00, 5.60444060427019996595e-01, 6.54419034869817473066e+00, 4.44602877829338827276e-01, 3.23319999999999993179e+02, 4.41863616155733929247e+00, 6.29663170261679366879e-02, 9.66850832414179370595e-07, 1.67936275407433610596e+00, 1.20377036833352521062e+07, 4.48803886008775887429e-05, 7.14511241522720919050e+00, 7.70909295119609483393e-01
7.14484346664185387965e+00, 5.60645093963595408937e-01, 6.54505359351679683044e+00, 4.44764197496389013242e-01, 3.23219999999999970441e+02, 4.42347683474897035438e+00, 6.28632750805934031879e-02, 2.62077864680522848791e-07, 1.67927119575167527188e+00, 3.93951090075177550316e+07, 4.44918505720422405585e-05, 7.14484346842313211567e+00, 7.72352459152111037177e-01
7.09186369002794680938e+00, 5.61049070662953286437e-01, 6.50144414172128737306e+00, 4.45074770168225997136e-01, 3.22909999999999968168e+02, 4.40768513644901727133e+00, 6.23305863816002170275e-02, 2.81949000997226267535e-07, 1.67661600439477953550e+00, 7.62866714940398484468e+07, 4.24656596759132745167e-05, 7.09186369184805176502e+00, 7.80438266943435765555e-01
7.03916110030790775909e+00, 5.61250238107147692013e-01, 6.45692802906979768096e+00, 4.45222774134340693042e-01, 3.22699999999999988631e+02, 4.38686344309707720868e+00, 6.19026864167959711693e-02, 7.45273135035204005418e-07, 1.67405237136053663960e+00, 1.71943500650090813637e+08, 4.08808207286208901907e-05, 7.03916110491516544556e+00, 7.87069808046542473967e-01
6.98646675552380180818e+00, 5.61449606141385837432e-01, 6.41236789643527771432e+00, 4.45369511425999564658e-01, 3.22490000000000009095e+02, 4.36584916129259159590e+00, 6.14763965647642518508e-02, 9.26931862544083600481e-07, 1.67148873832631239544e+00, 6.91725644132957160473e+07, 3.93501787472971229246e-05, 6.98646676101032415573e+00, 7.93687540199540131347e-01
6.88110280076340430355e+00, 5.61842846671038675943e-01, 6.32311565397593255966e+00, 4.45659113515119331694e-01, 3.22069999999999993179e+02, 4.32324512272542538227e+00, 6.06286078281616444552e-02, 3.97958603536411578568e-07, 1.66636147225782660364e+00, 2.69588950488482490182e+07, 3.64448377150756444229e-05, 6.88110280292150999770e+00, 8.06881866706505634923e-01
6.82843319078711008530e+00, 5.62036669195388083331e-01, 6.27842358277152801094e+00, 4.45801941079027319592e-01, 3.21859999999999956799e+02, 4.30165650528963272592e+00, 6.02070884762000366197e-02, 6.80779432621478703956e-07, 1.66370628090091421392e+00, 1.47449702673406489193e+07, 3.50434313077393978699e-05, 6.82843319431795059415e+00, 8.13549605081261395512e-01
6.77602702614478769050e+00, 5.62028119584484620042e-01, 6.23288317181816964307e+00, 4.45782107810463124054e-01, 3.21750000000000000000e+02, 4.27536615033728484292e+00, 5.98853813159068854022e-02, 6.67514928958122597686e-07, 1.66123420618932482462e+00, 9.25511832344286143780e+07, 3.40140630329412356025e-05, 6.77602702948520008164e+00, 8.18732945327120598122e-01
6.72337194296038287433e+00, 5.62218199272866203664e-01, 6.18811143437303901038e+00, 4.45922233374137333417e-01, 3.21539999999999963620e+02, 4.25344322372687333456e+00, 5.94662747030648836111e-02, 3.54240085584217647145e-07, 1.65857901483243508345e+00, 7.44866579871228039265e+07, 3.26982124244364641560e-05, 6.72337194465505039176e+00, 8.25383157226193153733e-01
6.72362518027843414359e+00, 5.62017808824846976101e-01, 6.18731466399522034294e+00, 4.45760913707087147451e-01, 3.21639999999999986358e+02, 4.24897399722478219530e+00, 5.95636837256871345958e-02, 4.03818249581294280000e-07, 1.65876213147773210466e+00, 8.30711469949660152197e+07, 3.30119767285570286756e-05, 6.72362518222807192814e+00, 8.23917511533916124833e-01
6.67097637894997941288e+00, 5.62206019246220156660e-01, 6.14250716741211899574e+00, 4.45899658322426006851e-01, 3.21429999999999949978e+02, 4.22690730216636545435e+00, 5.91454049471046017228e-02, 8.41971159859840651554e-07, 1.65601538179818952301e+00, 1.36340450350754912943e+07, 3.17099442169070381745e-05, 6.67097638283354843480e+00, 8.30654680921735666388e-01
6.61858513371554213478e+00, 5.62192026436851399751e-01, 6.09687471409116721333e+00, 4.45875681751127184160e-01, 3.21319999999999993179e+02, 4.20026993452608810031e+00, 5.88245123247595411153e-02, 1.07644831218339523136e-06, 1.65345174876395462071e+00, 1.22335564808125328273e+07, 3.07486229304842857897e-05, 6.61858513850149599023e+00, 8.35927861307024455684e-01
6.51332482957834724147e+00, 5.62558607088701534416e-01, 6.00705623188696336001e+00, 4.46146078724933670134e-01, 3.20899999999999977263e+02, 4.15528416857625604308e+00, 5.79941109522836423240e-02, 3.26876322829467043973e-07, 1.64795824940486812515e+00, 4.35063862861443385482e+07, 2.83523464774611886187e-05, 6.51332483090303071549e+00, 8.49358653051263123857e-01
6.51307944458023602152e+00, 5.62758662513093477209e-01, 6.00782100414969200131e+00, 4.46307398391983856101e-01, 3.20799999999999954525e+02, 4.15957549048658314916e+00, 5.78996982023888134838e-02, 1.18041491293625711889e-06, 1.64768357443690560693e+00, 1.01721113585217669606e+07, 2.80607940700482162927e-05, 6.51307944931770066432e+00, 8.50887323006521478774e-01
6.46022020107739969319e+00, 5.63138755068542495863e-01, 5.96359391710057007430e+00, 4.46601728376058548786e-01, 3.20490000000000009095e+02, 4.14099921550537253268e+00, 5.73936629111960194827e-02, 1.01417452020388175003e-06, 1.64466214978941449587e+00, 5.30348812143186107278e+07, 2.66605843781155175498e-05, 6.46022020492341386699e+00, 8.59096812293425937668e-01
6.40737312867047137388e+00, 5.63516580185523530133e-01, 5.91930630363480148048e+00, 4.46894569687375620148e-01, 3.20179999999999949978e+02, 4.12214346002232812083e+00, 5.68904519644346240437e-02, 3.60265247021388957984e-07, 1.64164072514190406693e+00, 4.75303709210917875171e+07, 2.53248523594730688159e-05, 6.40737312996118912878e+00, 8.67277696266087971821e-01
6.35477772311760613633e+00, 5.63692307326892683150e-01, 5.87421923767815457040e+00, 4.47024579575721114910e-01, 3.19969999999999970441e+02, 4.09886214431044493267e+00, 5.64826279577293963174e-02, 7.14904379295261423613e-07, 1.63871085881705313980e+00, 1.72095884258259944618e+07, 2.42697544338605586899e-05, 6.35477772555821474043e+00, 8.74117089335770924841e-01
6.30195302982250549206e+00, 5.64065585748394160426e-01, 5.82981940014172828057e+00, 4.47314373740748116859e-01, 3.19659999999999968168e+02, 4.07949852742520491233e+00, 5.59844317433729407596e-02, 2.16358173709266720733e-07, 1.63559787584690985440e+00, 5.91464683751815676689e+08, 2.30285010527096381083e-05, 6.30195303051942801176e+00, 8.82345610768649590838e-01
6.24937607722149923717e+00, 5.64236873975640484957e-01, 5.78463671930547906896e+00, 4.47441288644768175864e-01, 3.19449999999999988631e+02, 4.05580303059359525975e+00, 5.55802461028199190629e-02, 8.48147209732831539809e-07, 1.63257645119941074974e+00, 1.56971911537476256490e+07, 2.20459206424836247243e-05, 6.24937607982207055102e+00, 8.89251619462155473705e-01
6.19657376303822449159e+00, 5.64605471157508032043e-01, 5.74012493357292097329e+00, 4.47727938830564609063e-01, 3.19139999999999986358e+02, 4.03593533824050432202e+00, 5.50870323317060872625e-02, 4.84226080794486633088e-07, 1.62937190990658931078e+00, 2.83836895064976596832e+09, 2.08949008930273805564e-05, 6.19657376443742702321e+00, 8.97530606759624260960e-01
6.19680736955642696984e+00, 5.64405936691636633817e-01, 5.73941023594826393861e+00, 4.47566619163514312074e-01, 3.19240000000000009095e+02, 4.03192346955924563190e+00, 5.51774906771396317362e-02, 1.07403036281969223828e-06, 1.62955502655190764827e+00, 1.29734705175556354225e+07, 2.11017549765351565495e-05, 6.19680737269005454948e+00, 8.96148031831038749395e-01
6.14447855026551081892e+00, 5.64373294607585673788e-01, 5.69343262408577199807e+00, 4.47529020231532181917e-01, 3.19129999999999995453e+02, 4.00388904164302417144e+00, 5.48657547119005203906e-02, 3.57842981457031655664e-07, 1.62680827687236373436e+00, 1.15615918278228044510e+08, 2.04095061202159757936e-05, 6.14447855126862840791e+00, 9.01562573190418214963e-01
6.09192436939232795368e+00, 5.64537893483687658325e-01, 5.64812639715329822820e+00, 4.47651105157264195267e-01, 3.18919999999999959073e+02, 3.97968649421323483750e+00, 5.44650669735110837255e-02, 9.29018651134818019108e-07, 1.62369529390221112308e+00, 3.80637893608532026410e+07, 1.95155907871748899728e-05, 6.09192437186778334990e+00, 9.08542590542748329518e-01
6.03960615073332984792e+00, 5.64500898145790852567e-01, 5.60208420011613839051e+00, 4.47610207932683468179e-01, 3.18809999999999945430e+02, 3.95141378472193460780e+00, 5.41537620165407837525e-02, 1.00112501010365495362e-03, 1.54312396996886858069e+00, 2.51440459913911094191e+05, 9.95728449155360051967e-06, 6.03960770118807133144e+00, 9.96974951826116617681e-01
5.98684074245377217949e+00, 5.64860067480893346392e-01, 5.55738245377652440027e+00, 4.47890260214838742403e-01, 3.18500000000000000000e+02, 3.93073400031397790499e+00, 5.36678168918716599900e-02, 7.26655337162294102533e-07, 1.61746932796189990533e+00, 2.83991598078853748739e+07, 1.78340857757834680194e-05, 5.98684074420167711139e+00, 9.22476481838856887663e-01
5.93431129638840104690e+00, 5.65017568752515075836e-01, 5.51194473080104074825e+00, 4.48007274965456114835e-01, 3.18289999999999963620e+02, 3.90598510817554700481e+00, 5.32712209235087913450e-02, 1.11275193263299881429e-06, 1.61426478666910311333e+00, 7.31500068734757304192e+07, 1.70316070919118031320e-05, 5.93431129892879738463e+00, 9.29526755205894561485e-01
5.82949700402377235520e+00, 5.65126312074634817861e-01, 5.42027666916910799699e+00, 4.48074715448543658969e-01, 3.17969999999999970441e+02, 3.85222893247970166186e+00, 5.25669849026818569726e-02, 2.05452295705438092764e-07, 1.60813037905144873285e+00, 7.51211759535069561005e+09, 1.56929533722267839464e-05, 5.82949700445032537033e+00, 9.42171448170718628390e-01
5.82927713906546429712e+00, 5.65325208204692564173e-01, 5.42093775384432507991e+00, 4.48236035115593955958e-01, 3.17870000000000004547e+02, 3.85594464924454927157e+00, 5.24819994698099978603e-02, 4.09764174579480899939e-07, 1.60785570408348621463e+00, 6.46904144571773260832e+07, 1.55246890734295205116e-05, 5.82927713990750362427e+00, 9.43603623263115309783e-01
5.77633662405125480888e+00, 5.65872870874322142498e-01, 5.37667385554633625588e+00, 4.48670360090119346719e-01, 3.17459999999999979536e+02, 3.83799183633851459518e+00, 5.19205814301382101439e-02, 7.57949258196049311911e-07, 1.60401025453211820704e+00, 2.26226987451218441129e+07, 1.44896836217631149937e-05, 5.77633662549723414514e+00, 9.53573400204155818827e-01
5.72362814509125961138e+00, 5.66218884748844186738e-01, 5.33168973540909618691e+00, 4.48941527961832620441e-01, 3.17149999999999977263e+02, 3.81605951123222464361e+00, 5.14469560840977863103e-02, 2.37922541829101320957e-07, 1.60043947994871671447e+00, 1.25190415100481063128e+08, 1.36665857057503804198e-05, 5.72362814551676724051e+00, 9.62090111534410930005e-01
5.67114581294552344559e+00, 5.66363489626408367350e-01, 5.28600983606497276668e+00, 4.49049506849391433239e-01, 3.16939999999999997726e+02, 3.79028420632004969804e+00, 5.10591229920392339348e-02, 3.21590309363578588243e-07, 1.59705182201061557379e+00, 5.23335468870299243927e+09, 1.30185091934483867935e-05, 5.67114581348986934728e+00, 9.69277379684477247146e-01
5.67135978866387713282e+00, 5.66164878055429920956e-01, 5.28537312370844958309e+00, 4.48888187182341136250e-01, 3.17039999999999963620e+02, 3.78670398228273930030e+00, 5.11421204087240885428e-02, 1.00112501010365495362e-03, 1.52527009705182048371e+00, 1.16242123089193017222e+05, 7.13055560966923668824e-06, 5.67136087835697377812e+00, 1.04668756561710951658e+00
5.56662598257863017182e+00, 5.66247867133879756452e-01, 5.19327503169565130037e+00, 4.48937085518994083433e-01, 3.16719999999999970441e+02, 3.73120415811747641044e+00, 5.04499708533778581931e-02, 3.79602298961602632686e-07, 1.59073429774765551237e+00, 1.04900102963786363602e+08, 1.20589909785360475150e-05, 5.56662598316559265044e+00, 9.80942362164175074568e-01
5.51416445908073438176e+00, 5.66384581028934741553e-01, 5.14747872719811816467e+00, 4.49039256483404425335e-01, 3.16509999999999990905e+02, 3.70497956290495356058e+00, 5.00642497379072196062e-02, 1.44338214077555144517e-07, 1.58725508148689220533e+00, 1.28538661198925510049e+08, 1.14721488868696482142e-05, 5.51416445929165277562e+00, 9.88223004236147728463e-01
5.46150505712036249406e+00, 5.66716729227962345838e-01, 5.10224544439820970609e+00, 4.49300741428007355260e-01, 3.16199999999999988631e+02, 3.68199460656565413785e+00, 4.95998945550593720033e-02, 3.07447178149221632786e-07, 1.58340963193552752841e+00, 1.02685921112189278007e+08, 1.07832869338428829993e-05, 5.46150505754005521908e+00, 9.96978997436380076635e-01
